id	label	x	y	cluster	weight<Links>	weight<Total link strength>	weight<Occurrences>	score<Avg. pub. year>	score<Avg. citations>	score<Avg. norm. citations>
35	abatacept	-1.2291	0.5777	6	53	232	28	2015.8571	56.4643	1.7741
51	abdominal pain	-1.0375	-0.1902	2	92	251	43	2016.9767	11.2093	0.6525
52	abdominal surgery	-0.9475	-0.3369	2	95	330	52	2016.6731	20.5192	1.0721
54	abdominal wall	-1.0938	-0.4249	2	45	94	18	2018.0556	4.8333	0.478
73	abortion	-0.267	0.5603	2	72	169	25	2015.08	29.68	0.9502
78	absenteeism	-0.0797	0.305	5	91	207	28	2013.8214	61.6786	1.1656
82	absolute risk reduction	-0.7991	0.372	2	65	145	21	2014.6667	34	1.0855
92	academic achievement	0.411	0.2095	3	78	145	25	2016.44	46.92	1.5373
124	accountability	0.9196	0.0588	1	63	118	21	2018.0952	8.3333	1.2589
125	accounting	0.9713	0.0838	1	99	330	88	2018.5114	4.6591	0.6505
134	acculturation	0.5524	0.5094	3	55	108	18	2016.2222	16.0556	0.7553
174	acquired immunodeficiency syndrome	0.0255	0.3969	3	172	497	69	2014.1449	24.6087	0.816
220	activities of daily living	-0.0859	-0.176	3	165	508	69	2015.1739	46.9855	1.2482
221	activity based costing	0.4642	-0.1195	1	64	107	18	2016.5	17.1111	1.1795
231	actuarial science	0.4112	-0.0244	1	150	396	77	2015.6883	16.7792	0.6697
235	acupuncture	-0.4873	-0.3212	5	57	179	31	2012.7097	31.5484	0.5709
242	acute care	-0.0063	0.0722	4	82	169	24	2015.1667	26.9583	0.9052
247	acute coronary syndrome	-0.9549	0.0153	2	45	125	19	2016.4737	8.2105	0.3529
286	adalimumab	-1.1804	0.6046	6	61	355	45	2015.4222	43.4667	1.3368
302	added value	0.7341	-0.0282	1	77	108	16	2017.25	9.0625	0.9238
304	addiction	0.1489	0.2133	3	84	191	29	2016.069	24.5517	1.3887
313	adenocarcinoma	-1.2445	-0.1564	2	89	279	39	2014.1282	28.9744	0.7207
342	adjuvant	-1.0865	-0.1084	2	64	165	24	2016.25	22.9167	0.984
346	adjuvant therapy	-1.0479	-0.1144	2	82	185	26	2015.4231	16.3077	0.6714
388	adult patients	-0.3561	-0.0593	4	130	296	47	2015.9574	17.1064	0.8656
392	advance care planning	0.2906	0.0713	4	49	127	17	2016.6471	26	1.1234
412	adverse effect	-0.8125	0.1962	6	356	1992	304	2015.602	29.1447	1.1652
417	advertising	0.9277	0.2446	1	63	128	28	2016.0714	16.6071	1.0839
427	affect	0.3647	0.2351	3	66	131	22	2016.5	87.5	2.8803
457	age groups	-0.2191	0.1339	3	61	109	18	2016.0556	28.8889	1.0767
467	aggression	0.1435	0.7013	3	51	122	18	2016.8333	16	0.846
477	agile software development	1.3755	-0.2911	1	109	604	103	2017.3204	12.5437	0.6291
478	agile unified process	1.4931	-0.3348	1	27	114	15	2015.3333	44.4667	1.8253
479	agile usability engineering	1.4677	-0.3107	1	32	150	20	2014.9	40.25	1.6152
493	agriculture	0.9439	0.1094	1	103	229	43	2018.3721	10.9535	1.5511
614	alternative medicine	-0.0081	0.001	4	481	3561	534	2012.8914	33.7996	0.8043
648	ambulatory	-0.5831	-0.1032	2	57	107	17	2015.0588	30.2941	0.8432
650	ambulatory care	0.0592	-0.1759	4	106	246	33	2014.1212	32.3333	1.1119
692	amputation	-0.5378	-0.449	5	83	190	30	2015.4667	44.6333	1.0218
719	analgesic	-0.5954	-0.0264	4	50	105	18	2013.0556	43.8889	0.7419
738	analytics	1.0164	-0.3616	1	82	234	43	2018.5116	8.5814	1.9484
748	anastomosis	-1.091	-0.3213	2	66	182	33	2016.1212	31	0.7798
760	anatomy	-0.5947	-0.588	5	44	86	27	2015.4444	18.5556	0.8121
775	anemia	-0.6843	0.1835	2	84	188	29	2013.6552	68.6897	0.8127
779	anesthesia	-0.7314	-0.0494	2	186	806	167	2013.9461	38.012	0.7909
785	aneurysm	-0.9508	-0.3654	2	89	305	57	2015.8947	16.1579	0.8268
799	angiography	-0.9642	-0.1963	2	62	111	18	2014.2778	20.6111	0.9658
830	animal studies	-0.6323	-0.0636	2	54	98	20	2015.9	24.35	1.0484
839	ankle	-0.5965	-0.6275	5	75	247	44	2014.1136	46.1591	0.8924
848	ankylosing spondylitis	-0.8952	0.5469	6	77	235	32	2015.4062	27.5625	0.8007
863	anorexia	-0.583	0.2605	2	49	100	15	2016.1333	26	1.4264
881	anterior cruciate ligament	-0.515	-0.6219	5	67	202	36	2015.4444	39.0556	1.6438
883	anterior cruciate ligament reconstruction	-0.4954	-0.6842	5	38	105	17	2014.7059	58.4706	1.7564
912	anthropometry	-0.3087	0.3402	8	75	148	20	2015.8	31.7	0.8967
944	antibiotic resistance	-0.1891	0.0271	7	52	118	21	2016.4286	16.7143	0.8421
947	antibiotics	-0.4635	-0.0071	7	84	251	52	2015.4038	22.5962	0.6927
973	antimicrobial	-0.2429	0.0857	7	39	91	21	2016.7143	7.1905	0.7981
980	antiphospholipid syndrome	-0.8878	0.18	2	53	107	15	2017.6	54.8667	1.259
1004	anxiety	-0.0534	0.3694	3	238	1118	158	2015.8608	34.519	1.1764
1077	applied psychology	0.53	0.0986	3	279	1270	226	2016.8496	25.4912	1.2372
1116	architecture	1.1868	-0.3536	1	84	266	48	2017.9167	7.5417	0.787
1178	arthritis	-0.9753	0.2714	6	157	673	86	2014.8023	38.0116	0.9311
1181	arthrodesis	-0.7424	-0.6678	5	46	135	23	2015.2609	51.913	0.9976
1184	arthroplasty	-0.5458	-0.573	5	116	479	75	2014.84	50.32	1.1585
1189	arthroscopy	-0.6384	-0.6232	5	64	187	36	2015.5278	24.7778	0.6854
1203	artificial intelligence	0.7559	-0.4526	1	207	904	190	2018.6789	12.7211	1.4385
1205	artificial neural network	0.8208	-0.5021	1	53	148	29	2018.7931	7.5517	0.9017
1258	assessment methods	0.3099	-0.1905	1	85	136	22	2016.0909	25.9545	1.5122
1275	asthma	-0.4407	0.3116	6	116	388	63	2014.873	25.2857	1.1562
1291	asymptomatic	-0.833	-0.2301	2	148	409	73	2015.7123	34.2055	1.0232
1307	athletes	-0.0304	-0.3643	5	96	259	39	2016.3077	21.8718	1.0321
1321	atrial fibrillation	-0.9735	0.1769	2	60	223	35	2015.3143	26.0571	0.8806
1336	attendance	0.3151	0.33	8	82	175	23	2015	58.6957	1.4623
1339	attention deficit hyperactivity disorder	-0.1173	0.3974	3	93	248	41	2015.9024	27.7073	1.0763
1360	audiology	-0.2842	-0.1867	3	80	189	41	2015.2439	24.5122	0.9871
1364	audit	0.657	0.0424	1	78	114	19	2016.8947	27.3684	1.1456
1378	augmented reality	0.935	-0.2374	1	71	163	35	2018.9429	16.4857	2.3051
1392	autism	0.3593	0.1689	3	129	468	76	2016.3816	24.8947	1.0368
1394	autism spectrum disorder	0.327	0.1893	3	108	392	66	2017.697	18.4394	1.173
1396	autoantibody	-1.1267	0.3217	6	58	132	20	2016.3	36.1	1.0613
1431	automation	1.1172	-0.3801	1	79	190	35	2017.7714	11.6571	1.1207
1435	automotive industry	1.1635	-0.184	1	57	115	21	2018.381	9.619	1.0977
1443	autonomy	0.5613	0.0614	1	113	242	37	2016.7297	19.5946	1.1395
1500	back pain	-0.477	-0.4242	5	91	239	34	2013.7353	58.7059	1.5496
1606	behavior change	0.5322	0.0391	1	115	281	39	2015.359	53.4359	1.784
1631	behavioural sciences	0.4427	0.2424	3	65	146	23	2016.3043	43.913	2.2022
1675	best practice	0.7389	-0.0896	1	235	608	97	2016.2165	21.7526	1.1928
1685	bevacizumab	-1.1763	0.0241	2	58	137	20	2016.15	11.7	0.5684
1696	bibliometric analysis	1.044	-0.0346	1	125	358	67	2018.9851	10.4925	1.8433
1697	bibliometrics	0.5759	-0.0986	1	70	121	20	2016.35	10.6	0.6842
1710	big data	1.0115	-0.3025	1	140	495	99	2018.6566	10.1111	1.9457
1777	bioinformatics	-0.5797	0.1722	2	243	873	176	2016.3239	16.5398	0.8474
1793	biology	-0.2692	0.2068	2	165	414	141	2016.2624	24.9504	1.3036
1794	biomarker	-0.7757	0.1363	2	197	718	112	2016.7589	22.0446	1.2374
1813	biopsy	-1.0538	-0.2888	2	131	460	79	2015.5316	25.3038	0.7771
1815	biopsychosocial model	-0.0403	0.1683	3	77	132	19	2015.1053	39.6842	1.4021
1824	biosimilar	-0.5416	0.5559	6	50	114	18	2018.1111	16	1.4879
1828	biostatistics	0.318	0.5391	3	71	162	21	2015.2381	38.9524	1.4127
1836	bipolar disorder	-0.212	0.4519	3	100	320	50	2015.68	38.58	1.5732
1851	birth weight	-0.5576	0.4066	2	70	179	25	2014.44	57.12	1.1742
1874	bladder cancer	-1.0122	-0.0746	2	73	206	29	2015.4483	29.069	0.9159
1906	blinding	-0.2762	-0.1032	5	106	252	33	2015.1818	25.4242	0.8523
1911	blockchain	1.1464	-0.2227	1	78	287	56	2019.2857	18.9286	4.4616
1927	blood loss	-0.8802	-0.3988	2	44	94	17	2015.9412	15.4118	1.0127
1932	blood pressure	-0.6967	0.2444	2	104	287	48	2014.1875	58.5833	1.0532
1944	blood transfusion	-0.7672	-0.1919	2	56	104	15	2014.5333	88.6	1.3478
1977	body mass index	-0.4886	0.3139	8	171	597	81	2014.1235	89.8889	2.3927
1978	body of knowledge	1.053	-0.0841	1	150	381	66	2017.4545	17.4545	2.3209
2173	breast cancer	-0.7691	-0.0947	2	226	1191	173	2015.9075	28.9711	1.026
2185	breast feeding	-0.2543	0.6431	8	56	117	17	2015.1176	49.3529	1.2339
2199	breastfeeding	-0.1029	0.6174	8	105	319	49	2015.5714	35.2653	1.1105
2268	built environment	0.6785	0.118	1	80	139	24	2018.8333	14.75	1.8506
2297	burnout	0.5965	0.445	3	78	238	37	2017	34.4865	1.8975
2305	business	1.076	0.035	1	344	3891	869	2018.3349	14.0242	1.3572
2336	business model	1.2548	0.0078	1	109	363	66	2018.7273	15.2879	2.0662
2342	business process	1.2119	-0.3305	1	83	266	51	2017.9608	7.1961	0.5833
2346	business process management	1.24	-0.3236	1	61	166	28	2018.25	8.8929	0.944
2436	cancer	-0.7866	-0.0222	2	367	2505	374	2014.9813	35.3289	1.0021
2458	cancer research	-1.0832	0.0874	2	42	111	33	2017.3333	10.697	0.6958
2488	capability maturity model	1.3363	-0.2212	1	51	108	19	2017.0526	11.5263	0.758
2552	carcinoma	-1.2131	-0.2097	2	102	371	57	2014.2456	34.7719	0.8168
2581	cardiac surgery	-0.7127	-0.1609	2	65	151	27	2012.7037	25.8148	0.617
2589	cardiology	-1.0053	0.0269	2	131	792	155	2015.1742	25.1548	0.827
2679	case control study	-0.7774	0.1739	2	129	334	44	2013.4091	65.2955	1.2246
2682	case fatality rate	-0.4666	0.0951	7	67	168	28	2015.4286	70.3571	1.5149
2714	categorization	0.9473	-0.1536	1	156	358	61	2017.5574	16.9836	1.3787
2715	catheter	-0.9149	-0.119	2	78	178	30	2014.6667	22.7667	0.6729
2740	cause of death	-0.469	0.1495	2	112	243	34	2014.9118	48.6471	2.9506
2839	centre for reviews and dissemination	0.0355	0.1448	4	73	153	19	2011.6316	68.9474	1.5734
2871	cerebral palsy	-0.0948	-0.2894	5	81	181	28	2014.4286	26.2143	1.1438
2898	cervical cancer	-0.7545	0.056	2	116	317	48	2016.1458	18.1458	1.0052
2955	checklist	0.0571	-0.1047	4	256	771	106	2015.5189	25.3302	0.9119
2975	chemotherapy	-1.1931	-0.0408	2	154	651	95	2015.7368	32.0737	0.9035
2982	chemotherapy regimen	-1.1909	0.1426	2	55	122	18	2016	16.6667	0.7384
3000	child abuse	0.3287	0.47	3	77	197	27	2015.8519	27.7037	1.0595
3011	child development	0.0755	0.4657	3	69	144	23	2013.913	37.2174	1.1522
3028	childbirth	-0.2423	0.484	3	60	151	22	2017.6818	6.0455	0.4196
3040	childhood obesity	0.0881	0.5576	8	68	182	26	2015.5769	26.1923	0.9651
3047	china	0.5956	0.1751	1	130	280	47	2016.9574	9.4681	0.8225
3055	chiropractic	-0.3371	-0.4667	5	68	176	25	2011.96	25.68	0.4209
3129	chronic condition	0.002	0.4597	3	65	111	14	2015.9286	23	1.2584
3133	chronic disease	-0.2405	0.1908	4	76	135	22	2016.6364	43.3636	1.3336
3165	chronic pain	-0.3535	0.008	3	133	368	56	2015.875	42.375	1.8672
3198	cinahl	0.1168	0.0618	4	547	5435	705	2015.7333	29.6099	1.1035
3204	circular economy	1.1541	0.0881	1	60	183	35	2019.6286	16.1429	4.9495
3226	citation	0.6885	-0.0276	1	157	386	59	2016.1864	28.3729	1.264
3227	citation analysis	0.93	-0.0272	1	72	156	26	2017.8846	39.8462	2.0672
3255	clarity	0.8139	0.0222	1	118	226	38	2017.1316	20.0263	1.9731
3291	climate change	0.881	0.305	1	74	212	48	2018.1042	15.375	1.6337
3314	clinical decision support system	0.3974	-0.3489	1	70	150	22	2015.5455	22.6818	0.5875
3319	clinical efficacy	-0.9085	-0.2131	2	51	95	17	2015.2941	23.2353	0.868
3320	clinical endpoint	-1.0637	-0.0468	2	107	272	37	2015.2432	22.4324	0.8474
3352	clinical practice	-0.1803	-0.1175	4	228	597	101	2016.4356	15.3366	0.8313
3355	clinical psychology	0.1237	0.3604	3	402	4006	650	2015.8446	30.2785	1.1668
3361	clinical research	-0.4407	-0.2108	2	92	208	31	2014.6774	22.6129	0.7616
3366	clinical significance	-0.7236	-0.2448	2	138	344	59	2016.1695	29.339	1.016
3371	clinical study design	-0.1475	0.0273	4	295	887	119	2015.6471	27.0588	0.9499
3378	clinical trial	-0.6479	-0.0236	5	464	3424	501	2015.2056	27.477	1.0052
3410	cloud computing	1.1435	-0.3605	1	101	433	88	2017.7159	9.7159	1.0626
3442	coaching	0.6592	-0.2783	1	62	126	21	2017.3333	23.381	1.0836
3464	cochrane collaboration	-0.347	0.0546	4	90	162	28	2015.1071	16.1071	0.4794
3465	cochrane library	-0.5216	-0.0131	2	601	4821	658	2015.6641	25.2948	0.966
3476	coding	0.6521	-0.1661	1	69	110	19	2016.8421	34.8947	1.9261
3480	cognition	0.0982	0.1261	3	271	1213	197	2016.2944	46.3858	1.7033
3492	cognitive decline	-0.1121	0.2631	3	52	123	17	2015.4706	54.7647	2.4933
3504	cognitive impairment	-0.2252	-0.0851	3	55	109	19	2013.3684	56.4737	1.052
3513	cognitive psychology	0.4541	0.0352	3	91	240	62	2017.1774	14.9032	0.8972
3523	cognitive skill	0.1529	0.1825	3	73	150	23	2016.2174	54.4348	1.8245
3534	cohort	-0.6939	0.063	2	291	1082	162	2016.1667	21.3642	0.8553
3537	cohort study	-0.6535	0.1011	2	325	1652	222	2014.4595	48.8919	1.1596
3606	colorectal cancer	-1.0612	-0.0887	2	139	546	82	2015.5	36.2073	1.0324
3613	colorectal surgery	-1.0163	-0.3021	2	47	110	17	2016.4706	15.1176	0.965
3625	combination therapy	-1.0652	0.3829	6	82	224	30	2015.4	34.8	1.5961
3726	comorbidity	-0.3979	0.1895	3	193	647	88	2013.6477	76.2045	4.9852
3728	comparability	0.4952	-0.0438	1	76	116	18	2016.8889	20.7222	2.1435
3741	competence	0.6643	-0.0562	1	179	510	88	2017.9886	11.125	0.756
3747	competitive advantage	1.1995	0.0014	1	103	267	45	2017.8889	15.6	1.2409
3796	complication	-0.8588	-0.3013	2	295	1445	251	2015.996	21.4343	0.8664
3797	complication rate	-0.6771	-0.4556	2	70	132	23	2016.4348	18.3043	0.7709
3813	comprehension	0.7305	-0.1725	1	84	147	25	2016.08	28.76	0.8016
3837	computed tomography	-0.6544	-0.5008	2	60	135	28	2015.4286	14.3571	0.5719
3865	computer science	1.0392	-0.339	1	426	7816	1897	2018.0469	10.7348	1.0521
3868	computer security	0.9688	-0.277	1	99	351	77	2017.7532	16.0909	1.754
3901	conceptual framework	1.0334	0.0481	1	209	646	109	2017.3578	24.6055	1.8368
3905	conceptual model	0.9969	-0.0711	1	116	289	53	2017.3019	17.7547	1.3503
3909	conceptualization	0.8595	0.1495	1	108	214	38	2017.4211	17.5	1.1787
3911	concomitant	-1.0922	-0.1471	2	102	261	40	2015.65	20.8	0.8767
3914	concordance	-0.5039	-0.1855	2	77	125	20	2015.45	30.5	1.5378
3920	concussion	0.0379	-0.3448	3	52	104	15	2016.2667	34.4	1.0782
3927	condom	0.2452	0.6629	3	56	135	18	2016	22.4444	0.9608
3934	confidence interval	-0.8267	-0.0016	2	342	2014	274	2014.708	50.4562	1.2599
3935	confidentiality	0.7494	-0.206	1	53	94	18	2017.7222	24.3333	1.7191
3948	confounding	-0.4994	0.2048	2	192	539	77	2015.5455	30.6623	1.057
3987	conservative treatment	-0.7093	-0.4913	2	58	110	18	2015.7222	16.3333	0.9344
3991	consolidated standards of reporting trials	-0.1456	-0.0384	5	57	112	14	2013.5714	46.1429	1.1267
4001	construct validity	-0.3115	-0.2716	5	91	255	36	2014.8056	43.8889	0.9582
4011	consumer behaviour	1.0638	0.187	1	73	167	31	2018.6452	12	1.5544
4035	content analysis	0.8998	-0.0411	1	208	654	112	2017.5179	14.8304	1.4693
4042	content validity	-0.1304	-0.3581	5	53	111	16	2015.3125	30.1875	0.8969
4095	contraindication	-0.7094	-0.1976	5	55	109	16	2015.4375	27.1875	0.5497
4110	controlled studies	-0.5196	-0.3671	2	68	119	18	2015.6111	18.8889	0.9013
4124	conventional pci	-1.1837	-0.0726	2	46	137	17	2015.5882	19.2353	0.4049
4132	conversation	0.6076	0.2289	1	74	110	16	2016.625	20.5	0.5362
4144	copd	-0.3964	0.382	6	84	343	54	2015.1111	38.2037	1.3118
4146	coping	0.2058	0.4649	3	153	569	79	2015.4684	34.4684	1.0667
4183	coronary artery disease	-1.0371	0.0108	2	75	188	27	2016.6667	16.2593	1.4351
4198	coronavirus disease 2019	0.0674	0.0588	7	143	340	59	2020.0678	3.5593	2.7752
4208	corporate governance	1.0799	0.1089	1	163	606	120	2018.05	16.4667	1.632
4212	corporate social responsibility	1.1232	0.1414	1	72	207	39	2018.6667	17.7692	2.0096
4259	cost benefit analysis	0.2469	-0.1928	4	148	429	56	2012.75	46.2857	1.2252
4267	cost effectiveness	-0.1474	-0.0858	4	244	1102	167	2014.2814	21.6707	0.6034
4268	cost effectiveness analysis	-0.2166	-0.3233	4	68	176	29	2015.0345	10.9655	0.3225
4354	creativity	0.9452	0.0717	1	73	146	29	2018.069	10.7931	1.5627
4357	credibility	0.8012	-0.1433	1	82	127	20	2016.5	32.4	1.5964
4380	criminology	0.6335	0.451	3	68	139	36	2016.7222	12.1667	0.4925
4389	critical appraisal	0.0185	-0.0355	4	281	1018	140	2015.9	19.1643	0.9135
4404	critical success factor	1.198	-0.1188	1	113	343	54	2016.5556	18.5185	0.7423
4409	critically ill	-0.1677	0.071	4	42	104	21	2013.7619	45.2857	0.8118
4413	crohn s disease	-1.0253	0.3293	6	62	166	28	2016.3571	17.4286	0.5531
4431	cross sectional study	-0.2535	0.2875	3	136	333	46	2013.9565	98.5217	2.0752
4500	cultural competence	0.6024	0.373	3	57	115	18	2015.3889	32.0556	1.104
4503	cultural diversity	0.8243	0.2614	1	87	147	25	2017.28	20.76	0.8613
4548	curriculum	0.7219	0.0569	1	143	440	78	2017.6667	19.0513	0.9208
4574	customer satisfaction	1.1459	-0.0816	1	59	113	19	2016.7895	22.8421	1.515
4623	cyclophosphamide	-1.1773	0.3638	6	45	95	15	2016.2667	16.1333	0.8034
4636	cystectomy	-0.9657	-0.1453	2	58	119	17	2014.7059	36.2353	0.7593
4715	data collection	0.6141	-0.1436	1	235	559	89	2016.7079	34.1685	1.4326
4725	data extraction	0.1883	-0.2897	4	304	1073	153	2015.5948	24.5948	0.9287
4734	data mining	0.8614	-0.4567	1	128	383	83	2015.6627	31.988	1.2996
4747	data quality	0.4951	-0.4067	1	55	100	20	2016.1	52.2	0.9357
4753	data science	0.9092	-0.3324	1	300	2188	492	2017.8862	11.7825	1.3342
4758	data sharing	0.884	-0.1478	1	56	93	17	2018	12.1765	1.2899
4769	database	0.3748	-0.2782	1	63	110	21	2017.381	4.6667	0.561
4829	decision support system	0.7744	-0.3161	1	121	312	49	2017.3469	14.0408	0.9076
4839	decompression	-0.7651	-0.5213	5	56	119	21	2015.5238	21.7619	0.6135
4853	deep learning	0.6892	-0.5125	1	60	195	36	2019.5	3.4167	1.8056
4871	deformity	-0.7869	-0.6307	5	47	123	22	2017.2273	15	0.7512
4896	delegation	0.1207	-0.0894	1	80	120	18	2015.5	31.5	1.2003
4900	delirium	-0.1525	0.1257	4	86	214	29	2015	46.7241	1.1527
4907	delphi method	0.14	0.0058	4	82	145	20	2017.3	14.95	0.7459
4919	dementia	0.0113	0.0456	3	218	943	142	2015.3803	31.338	1.1896
4933	demographics	-0.3077	-0.41	5	71	125	24	2016.125	35.6667	1.3353
4934	demography	-0.0853	0.3549	3	218	800	125	2014.968	51.04	1.4354
4940	dengue fever	-0.1161	0.2349	7	65	141	24	2015.5417	29.75	1.0869
4992	dentistry	-0.579	-0.4894	5	162	882	209	2014.5885	29.6938	0.8844
5013	dermatology	-0.9935	0.2117	6	200	1158	287	2016.5575	11.6132	0.6035
5027	descriptive statistics	0.7004	-0.0527	1	165	317	50	2017.44	15.98	1.3104
5071	developed country	0.2422	0.3114	3	170	431	60	2014.3167	46.8333	1.1452
5072	developing country	0.5971	0.2635	1	274	983	152	2015.7237	28.8553	1.2826
5084	developmental psychology	0.3552	0.3344	3	256	1166	217	2016.1705	29.0507	1.1584
5103	diabetes mellitus	-0.4131	0.4384	8	241	1160	177	2015.2542	32.5254	2.5832
5124	diagnostic accuracy	-0.6114	-0.4252	2	57	119	21	2015.619	21.8095	1.4297
5153	dialysis	-1.0426	0.2758	2	62	146	23	2016.7826	10.2174	0.3919
5196	differential diagnosis	-0.9647	-0.2533	2	112	282	52	2017.5	9.1346	0.5306
5244	digital health	0.4305	-0.2939	1	63	116	17	2019.5294	7.9412	1.5677
5251	digital library	0.9678	-0.3846	1	133	371	68	2017.6324	12.4265	0.7583
5270	digital transformation	1.1776	-0.0423	1	60	129	25	2019.6	3.72	1.418
5346	discipline	0.9998	0.218	1	62	101	18	2018.0556	17.8333	2.3581
5352	discontinuation	-0.8523	0.3809	6	110	312	49	2015.8776	23.6531	1.2117
5365	disease	-0.596	0.1185	2	553	4480	688	2016.3227	24.4608	1.402
5366	disease activity	-0.8671	0.4843	6	61	178	23	2017.5217	12.5652	0.7577
5367	disease burden	-0.2891	0.4882	7	75	193	30	2016.7333	17.8	1.0761
5416	dissection	-1.0296	-0.428	2	108	317	54	2015.2963	23.7037	0.7655
5439	distress	-0.0398	0.3349	3	131	441	59	2014	39.2373	0.9787
5500	documentation	0.8642	-0.2104	1	119	240	39	2016.7179	17.6154	0.8374
5513	domestic violence	0.3607	0.5576	3	81	236	34	2016.4118	17.8529	0.9288
5549	dosing	-0.6677	0.1329	4	92	232	36	2015.5556	28.1667	1.1436
5587	drug	-0.5322	0.1297	6	124	296	51	2015.098	21.9412	0.857
5717	dysphagia	-0.8423	-0.3823	2	72	190	33	2015.1818	54.0303	1.1708
5743	early childhood	0.0782	0.3523	3	80	154	27	2015.8889	35.4815	0.9872
5747	early detection	-0.34	-0.1517	2	70	116	20	2017.95	13.8	0.9539
5794	eating disorders	-0.0854	0.3971	3	85	179	32	2014.4375	69.5312	2.081
5830	econlit	0.2507	0.0744	4	73	152	20	2017.55	24.35	2.1313
5839	economic evaluation	0.1043	-0.233	4	148	553	74	2014.2973	16.3243	0.5745
5846	economic growth	0.6615	0.2984	1	139	375	70	2016.3429	20.1429	0.9504
5847	economic impact analysis	0.4866	0.1338	1	116	226	35	2016.9714	16.4857	1.7207
5865	economics	0.9637	0.1785	1	146	426	117	2017.359	16.359	1.3521
5924	educational research	0.7923	0.0964	1	79	197	39	2017.9231	25.9487	1.8516
5931	educational technology	0.8293	-0.1393	1	92	287	56	2018.125	23.375	2.2568
5959	ehealth	0.6074	-0.2963	1	66	180	23	2017.4783	25.8696	3.0908
5970	elbow	-0.4774	-0.5714	5	61	161	28	2014.8214	35.8929	0.9085
6015	electroencephalography	-0.3493	-0.1142	3	67	144	26	2016.7308	17.6538	1.1741
6028	electronic database	-0.1877	-0.2618	2	79	128	22	2016.5	17.6818	0.7486
6080	embolization	-0.9716	-0.3999	2	62	181	34	2014.6765	23.9706	0.9904
6087	emergency department	-0.2814	-0.0523	4	143	409	58	2015.6034	18.3448	0.6223
6089	emergency management	0.6698	-0.1356	1	82	151	24	2017.2917	5.7083	0.5184
6090	emergency medical services	0.175	-0.1499	4	72	189	27	2014.1852	26.6296	0.9191
6091	emergency medicine	-0.4209	-0.0277	4	185	648	98	2015.0918	31.5204	1.1997
6102	emerging markets	1.0932	0.2047	1	65	129	25	2018.44	7.96	1.0329
6104	emerging technologies	1.0585	-0.1323	1	127	294	56	2018.6607	8.6964	1.5923
6129	empathy	0.4422	0.3573	3	74	130	22	2018.3182	8.4545	1.1625
6134	empirical evidence	0.827	0.0426	1	237	640	103	2016.4563	41.1068	2.0467
6136	empirical literature	0.7384	0.2415	1	120	238	46	2015.9565	32.3696	1.2028
6138	empirical process	1.4327	-0.3484	1	53	223	31	2014.5161	66.6452	1.4642
6140	empirical research	0.8689	0.0183	1	437	2188	364	2016.772	30.1429	1.5317
6156	empowerment	0.7213	0.3508	1	102	179	27	2017.3704	12.0741	0.9257
6160	enabling	1.1611	-0.0042	1	69	122	18	2017.8333	13.8333	1.932
6173	end of life care	0.2204	0.0304	4	87	253	37	2015.0541	28.4054	0.9772
6179	end user	0.8753	-0.3836	1	57	98	18	2017.5	18.0556	2.0941
6193	endocrine system	-0.8284	0.2283	2	59	113	18	2017.6111	10.5	1.1381
6195	endocrinology	-0.6924	0.3921	2	138	447	77	2014.2338	40.7403	1.0159
6202	endometrial cancer	-1.0306	-0.1392	2	67	163	26	2015.2308	16.8077	0.9689
6208	endometriosis	-0.9525	0.0475	2	78	186	35	2016.7714	12.0571	0.904
6231	endoscopy	-0.8738	-0.4782	2	74	186	34	2014.8235	39.2353	0.8006
6245	energy consumption	1.1151	-0.2142	1	59	99	20	2018.55	9	1.6566
6273	engineering	1.1673	-0.2413	1	289	1619	336	2015.8095	27.5804	1.42
6279	engineering ethics	0.8277	0.0658	1	162	618	163	2017.6503	15.5031	1.4551
6280	engineering management	1.3259	-0.3062	1	104	483	104	2017.3846	10.2019	0.7905
6284	english language	-0.049	-0.1421	5	220	583	102	2016.0392	20.8529	1.0051
6297	enteral administration	-1.2391	-0.1086	2	40	99	16	2014.1875	81.375	1.313
6349	entrepreneurship	1.0301	0.2086	1	128	467	84	2018.4286	19.3333	2.7377
6364	environmental economics	1.1646	0.125	1	68	197	46	2018.913	12.5652	2.1757
6370	environmental exposure	-0.469	0.2591	2	64	102	15	2014.4667	42.2	1.2119
6372	environmental health	0.0623	0.3737	7	331	2195	358	2015.933	27.5251	1.2637
6373	environmental impact assessment	1.1346	-0.0184	1	53	123	21	2018.5238	12.1905	2.1291
6382	environmental planning	0.8401	0.3055	1	84	291	79	2018.9241	6.7342	1.157
6390	environmental resource management	0.8975	0.2319	1	105	261	52	2015.8077	32.6154	1.5
6425	epidemiology	-0.4018	0.2512	7	441	2845	424	2015.283	40.967	1.3088
6446	epilepsy	-0.5031	-0.095	3	81	213	38	2016.3158	17.4211	0.8177
6462	epistemology	0.8401	0.1306	1	69	169	46	2017.0217	17.8261	1.0083
6474	eq 5d	-0.6223	0.1313	4	53	122	18	2016.7778	11.2222	0.7043
6516	esophageal cancer	-1.174	-0.294	2	57	115	16	2016.25	18.75	0.8183
6535	esophagus	-1.1848	-0.3507	2	43	97	19	2015.0526	27.9474	0.6191
6550	etanercept	-1.157	0.6185	6	62	332	40	2014.85	55.45	1.6258
6569	ethnic group	0.226	0.43	3	201	676	98	2014.9796	36.2755	0.9904
6575	etiology	-0.6602	-0.0836	2	268	878	144	2016.0625	25.6042	0.8603
6586	european union	0.2493	0.2686	1	131	228	36	2016.3056	37.9444	1.7332
6595	evaluation methods	0.6967	-0.3754	1	77	152	28	2018.1429	4.9286	0.8665
6616	evidence based medicine	-0.307	-0.2378	5	480	2759	391	2014.0537	53.3223	1.1811
6619	evidence based practice	0.0996	-0.1486	4	251	860	131	2014.2595	28.1603	0.8923
6636	exacerbation	-0.7773	0.4851	6	68	157	22	2015.6364	32.5909	1.2765
6641	excellence	0.5702	-0.1417	1	81	135	22	2016.0455	44	1.1904
6712	experiential learning	0.7017	0.2482	1	62	105	19	2017.8421	16.3158	1.2627
6750	extant taxon	0.8254	0.1561	1	133	341	65	2017.8154	19.4615	1.3903
6774	external validity	0.0643	-0.2677	3	88	197	28	2013.1786	47.7143	1.1386
6788	extracorporeal membrane oxygenation	-0.5154	0.0977	4	47	104	20	2017.45	22.6	1.0757
6942	family history	-0.5084	0.2649	2	71	138	21	2016.5714	10.9524	1.0129
6948	family medicine	0.0689	0.2066	4	496	5052	753	2015.4502	31.8977	1.0434
6951	family planning	0.1217	0.6269	3	67	170	22	2015.0909	23.3182	1.1181
7027	feeling	0.3984	0.3548	3	91	209	31	2016.2903	27.7742	1.1824
7072	fertility	-0.471	0.3363	2	99	229	35	2016.4857	24.2571	0.9655
7103	fetus	-0.703	0.3025	2	73	251	47	2015.7872	14.617	0.6076
7129	fibromyalgia	-0.3307	0.4174	3	51	106	18	2015.1111	25.6111	0.9697
7136	fidelity	0.468	-0.063	1	62	106	15	2017.2	34.2667	2.9144
7232	fistula	-0.9148	-0.2886	2	72	170	34	2016.1765	11.8529	0.6326
7237	fixation	-0.7069	-0.6698	5	75	235	46	2016.5435	13.0217	0.7612
7320	focus group	0.6449	-0.1173	1	91	170	25	2016.4	18.84	0.8458
7383	food security	0.8605	0.2706	1	58	102	18	2017.8889	23.4444	2.0356
7487	fracture fixation	-0.6885	-0.6575	5	41	102	18	2013.3333	32.1667	0.8436
7622	future studies	0.2711	-0.0698	1	246	599	101	2016.9901	13.7921	1.1036
7644	gait	-0.2034	-0.5515	5	55	155	25	2014.84	26.68	0.9719
7703	gastroenterology	-1.101	0.1314	2	211	1017	182	2015.5604	20.8571	0.6848
7746	gender studies	0.7522	0.411	1	63	108	27	2017.4074	9.8889	0.4795
7767	general partnership	0.802	0.1329	1	80	156	24	2017.5417	14.5833	0.9681
7771	general surgery	-0.9137	-0.3838	2	224	1224	279	2015.9642	15.4122	0.5486
7773	generalizability theory	0.3548	-0.1182	3	121	238	32	2015.875	68	1.3369
7804	genetic testing	-0.0952	0.1202	2	96	189	30	2015.7333	28.4667	1.9047
7809	genetics	-0.3448	0.2831	2	41	78	25	2016.44	19.48	1.3506
7847	geography	0.5543	0.2673	1	134	368	90	2017.6	15.4667	1.2636
7861	geriatrics	0.0829	-0.0251	4	82	150	20	2014.05	42.3	1.3646
7872	gerontology	0.0921	0.2835	3	445	3621	554	2014.8195	46.0108	1.2346
7874	gestation	-0.7054	0.4279	2	74	227	36	2013.1389	45.9167	0.6776
7875	gestational age	-0.7662	0.2958	2	88	311	47	2014.7021	39.9574	0.7713
7877	gestational diabetes	-0.4743	0.642	8	62	158	21	2013.5238	42.8571	0.7723
7889	giant cell arteritis	-1.196	0.0414	6	44	112	17	2017.6471	19.2353	2.5792
7938	global health	0.1302	0.2835	7	212	624	86	2016.0698	48.2558	2.3064
7951	global software development	1.339	-0.2684	1	38	106	18	2016.5556	24.3889	1.0866
7958	globalization	1.1052	0.0397	1	67	113	21	2017.619	13.9048	1.6117
7991	glycemic	-0.2797	0.5838	8	67	171	23	2015.5652	24.3913	0.862
8010	gold standard	-0.5508	-0.3802	5	172	466	75	2016.2133	22.2667	0.8203
8011	golimumab	-1.2306	0.6235	6	39	163	20	2015.25	70.55	2.1505
8030	gout	-0.9082	0.284	6	50	133	18	2014.6667	19.8333	0.775
8032	government	0.9168	0.1165	1	213	595	101	2017.8515	13.5149	1.0052
8038	grading	0.015	0.111	3	78	161	23	2015.6522	52.913	1.027
8110	grey literature	0.4455	0.1136	1	283	979	145	2016.5724	19.1448	1.5461
8127	grounded theory	1.0805	-0.1173	1	88	140	21	2016.619	21.2857	1.734
8158	guideline	0.0105	-0.1457	4	172	377	58	2016.5862	25.7931	1.5028
8178	gynecology	-0.6372	0.2565	2	197	842	156	2013.0705	38.0962	0.9305
8244	harm	0.4786	0.3108	3	77	134	20	2015.75	18.5	0.8472
8265	hazard ratio	-1.1344	0.052	2	147	607	76	2014.9868	46.8553	1.2103
8274	head and neck	-0.7353	-0.2051	2	55	118	24	2016.5	10.5833	0.5104
8275	head and neck cancer	-0.8131	-0.1359	2	81	205	30	2015	59.3	1.0003
8287	headaches	-0.8777	-0.2293	2	55	105	19	2014.5263	19.2105	0.5737
8292	health administration	0.3566	-0.0543	4	185	832	101	2014.5644	42.0891	1.203
8301	health care	0.3594	0.0021	4	619	5804	836	2015.7201	34.6352	1.3012
8318	health economics	0.1302	-0.0392	4	165	673	85	2014.8118	26.1059	1.058
8320	health education	0.3892	0.3897	3	163	541	71	2013.5634	50.493	1.1768
8321	health equity	0.3794	0.4562	3	116	352	48	2016.0625	46.7708	1.4796
8332	health informatics	0.4846	-0.2144	4	193	768	104	2015.2981	42.2596	1.544
8344	health literacy	0.302	0.2758	3	113	254	32	2015.5312	82.625	1.8848
8348	health outcomes	0.2022	0.1263	7	80	155	29	2017.9655	14.4483	2.505
8351	health policy	0.4429	0.1775	4	178	627	83	2015.6265	28.5542	1.1158
8353	health professionals	0.2907	0.1426	4	138	318	51	2016.0784	20.2941	1.1463
8355	health promotion	0.3499	0.4041	3	190	736	99	2014.2626	38.3333	1.1936
8356	health psychology	0.3377	0.5014	3	108	271	36	2015.4167	55.1944	1.729
8360	health related quality of life	-0.7749	0.1085	2	78	241	43	2016.186	8.6744	0.2541
8368	health services	0.5563	-0.002	1	78	151	24	2012.5833	51.6667	0.8774
8369	health services research	0.4446	0.0725	4	178	626	80	2013.8125	56.0625	1.2701
8375	health technology	0.3678	-0.1739	1	149	397	56	2015.8214	14.2321	0.5941
8391	healthcare system	0.2973	-0.065	1	130	236	37	2017.2973	22	1.1299
8409	hearing loss	-0.3851	-0.1353	3	81	179	34	2015.7353	22.2353	0.8695
8414	heart disease	-0.4832	0.0514	2	76	147	24	2014.4583	39.5417	0.8764
8416	heart failure	-0.5862	0.2094	2	129	386	61	2015.5738	32.7869	1.6784
8453	hematology	-1.0141	0.1594	2	58	137	21	2016.0952	12.8571	0.818
8454	hematoma	-0.9261	-0.4997	2	51	114	23	2018.7391	4.0435	0.7356
8458	hematopoietic stem cell transplantation	-1.0472	0.0841	2	59	135	23	2016.3913	10.1739	0.6647
8516	hepatitis c virus	-0.9724	0.3482	2	40	86	15	2015.2	21.3333	1.0654
8521	hepatocellular carcinoma	-0.9992	0.1226	2	59	141	20	2016.15	11.4	0.7219
8522	hepatology	-1.1601	-0.2291	2	44	126	19	2015.9474	26.6316	1.3061
8543	hernia	-1.0588	-0.4549	2	51	138	26	2016.5385	22.4231	0.7688
8616	higher education	0.8259	-0.0384	1	202	745	145	2018.0207	17.8276	1.2589
8724	hormone	-0.76	0.191	2	57	119	23	2017.9565	13.1304	1.1184
8756	hospital stay	-0.8369	-0.2814	2	55	104	17	2017.1765	10.1176	0.6838
8759	hospitality	1.0445	0.247	1	52	141	25	2018.8	11.92	1.4946
8804	human computer interaction	0.9055	-0.3553	1	74	284	71	2017.9859	10.8873	0.9373
8814	human factors and ergonomics	0.4623	0.5668	3	225	1548	195	2014.8103	34.9282	1.1824
8820	human immunodeficiency virus	0.0556	0.4889	3	101	271	50	2016	16.22	1.0735
8845	human resource management	1.0072	0.0815	1	87	206	37	2017.6486	16.027	1.3765
8848	human resources	1.0473	0.1125	1	100	234	38	2016.3158	20.8158	1.2523
8854	human sexuality	0.1861	0.2566	3	100	200	27	2016.1852	21.7037	0.883
8867	humanities	0.4887	0.1749	1	57	158	86	2016.5	4.8023	0.1687
8892	hydrocephalus	-0.7756	-0.381	2	58	164	30	2016.3333	15.0667	0.5735
8905	hydroxychloroquine	-1.0039	0.3831	6	63	162	24	2017.6667	34.25	2.0668
8907	hygiene	0.1424	0.149	7	64	123	19	2016.3684	15.2105	0.7785
9010	hysterectomy	-0.9999	-0.2144	2	70	158	27	2015.3704	17.5185	0.5978
9121	immigration	0.5296	0.5247	3	88	199	33	2016.2424	27.2424	1.0037
9135	immune system	-0.8649	0.3103	2	72	180	36	2016.2778	17.3611	0.7147
9154	immunohistochemistry	-1.1694	-0.1497	2	47	111	22	2016.3636	23.5909	0.4997
9157	immunology	-0.9041	0.3889	6	218	1170	210	2013.9714	47.3571	1.2049
9160	immunosuppression	-1.0941	0.247	6	64	128	19	2017.3158	11.8947	0.8984
9170	impact factor	0.3051	-0.2702	1	77	114	18	2016.3889	5.8889	0.5376
9185	implant	-0.6866	-0.5981	5	97	435	79	2014.9241	31.4557	1.1344
9199	implementation	0.996	-0.2546	1	78	172	32	2018.2812	8.1562	1.1145
9220	in patient	-0.7022	-0.0178	2	423	2417	443	2016.4131	16.3837	0.7381
9238	incentive	0.6374	0.1174	1	121	260	40	2016.075	27.775	0.9751
9242	incidence	-0.6057	0.1754	7	149	431	59	2014.7288	48.9322	1.4259
9258	inclusion and exclusion criteria	-0.1848	-0.1823	5	369	1183	180	2016.1278	21.3722	0.9052
9267	increased risk	-0.5576	0.113	2	104	205	33	2016.6061	13.0303	0.7499
9289	indigenous	0.598	0.3117	1	120	255	42	2017.7143	6.2619	0.5429
9292	indirect costs	-0.2867	0.1591	4	128	393	55	2015.8909	25.2909	1.1681
9343	industrial organization	1.2454	0.0854	1	75	271	60	2018.45	17.1333	1.9218
9353	industry 4 0	1.232	-0.147	1	86	260	51	2019.7059	21.0784	4.5117
9356	inequality	0.5392	0.3922	1	65	114	19	2017	8.2632	0.6906
9375	infection control	0.0451	0.086	7	81	215	31	2014.7097	46.5806	1.2761
9390	infertility	-0.7303	0.2602	2	76	158	27	2016.7407	18.8148	1.0123
9391	inflammation	-0.8765	0.4043	2	53	114	22	2017.0909	27.4545	1.4229
9392	inflammatory arthritis	-0.9262	0.4249	6	51	151	18	2015.2222	26.7778	1.0608
9395	inflammatory bowel disease	-0.9412	0.3756	6	104	343	55	2015.8364	27.0727	0.8573
9404	infliximab	-1.1449	0.5831	6	77	408	51	2014.7451	48.5294	1.4064
9424	information and communications technology	0.9547	-0.0315	1	183	541	93	2017.8065	16.3978	1.1605
9444	information management	1.0249	-0.1626	1	79	149	25	2017.08	22.28	1.0768
9455	information retrieval	0.7405	-0.4245	1	79	283	81	2017.7284	8.6543	0.6464
9468	information sharing	1.0821	-0.0725	1	61	115	18	2018.3889	14.2778	1.1029
9471	information system	1.0929	-0.2312	1	193	680	122	2017.2787	14.6967	0.9585
9475	information technology	1.0967	-0.1732	1	161	549	102	2017.8627	10.8333	0.8016
9487	informed consent	0.2489	-0.0407	1	73	111	16	2015.3125	20.25	0.7253
9529	injury prevention	0.2105	0.556	3	220	1642	204	2014.5392	33.1765	1.0962
9541	innovation management	1.2107	0.0799	1	61	128	22	2016.5909	85.5	2.5628
9593	insulin	-0.5816	0.5048	8	52	152	25	2016.96	15.36	0.7932
9610	integrated care	0.3977	-0.1301	4	81	184	25	2015.84	21.16	0.8701
9629	intellectual disability	0.3957	0.243	3	119	298	47	2016.2128	22.5957	1.0508
9647	intensive care	-0.2202	-0.0203	4	162	487	78	2014.2692	55.9487	1.262
9649	intensive care medicine	-0.5132	0.0584	4	569	6221	1182	2015.3587	23.308	0.724
9650	intensive care unit	-0.4456	-0.0682	4	133	382	58	2013.8103	64.1897	1.4881
9727	internal fixation	-0.7344	-0.6405	5	45	135	25	2014.52	20.48	0.5469
9734	internal medicine	-0.9724	0.1467	2	572	12373	1972	2015.8043	26.5745	1.1327
9747	international business	1.1058	0.1207	1	71	170	30	2018.6667	8.0667	1.0974
9748	international classification of functioning disability and health	0.0403	-0.2388	5	81	209	28	2013.3214	35.2857	0.8366
9772	internationalization	1.0771	0.1499	1	53	106	20	2017.9	4.4	0.5832
9779	internet of things	1.0823	-0.2647	1	98	372	78	2019.2564	6.4359	1.1677
9781	internet privacy	0.7998	-0.1795	1	96	218	45	2017.4444	29.7556	2.0823
9788	interoperability	1.066	-0.3529	1	86	179	31	2017.871	10.4516	1.2496
9793	interpersonal communication	0.4993	0.2393	3	95	181	30	2016.3333	37.5667	1.5862
9794	interpersonal relationship	0.4193	0.3853	3	98	189	29	2014.2759	63.3793	1.6523
9801	interquartile range	-0.826	-0.0365	2	83	158	28	2016.3571	37.1786	1.6031
9808	interstitial lung disease	-1.0654	0.1454	6	73	182	29	2016.069	23.1379	1.0877
9823	intervention studies	0.3982	0.3086	3	65	117	21	2016.5714	10.9524	0.7802
10045	jadad scale	-0.8377	0.0489	5	99	302	38	2014.1842	24.0789	0.7668
10074	job satisfaction	0.65	0.3904	3	77	189	30	2015.4667	44.4333	1.3118
10171	kidney disease	-0.7383	0.1675	2	119	346	54	2016.2407	24.537	0.7902
10211	knowledge base	0.9187	-0.0691	1	94	154	26	2017.9231	16.0769	0.9379
10223	knowledge management	1.1081	-0.0842	1	380	4268	869	2017.3936	17.7825	1.2282
10227	knowledge sharing	1.3064	-0.0634	1	49	129	23	2017.3478	15	1.1424
10230	knowledge transfer	1.0181	-0.035	1	69	132	24	2016.625	12.125	0.8391
10330	laparoscopic surgery	-1	-0.3341	2	68	158	26	2015.3077	34.8846	1.0495
10333	laparoscopy	-1.0559	-0.3447	2	101	363	59	2015.5254	38.678	1.0944
10334	laparotomy	-1.1155	-0.3256	2	50	123	22	2016.5455	18.1818	0.6489
10403	latin americans	0.4983	0.2795	1	93	186	36	2017.1389	8.5556	0.7331
10443	lean manufacturing	1.172	-0.1385	1	79	222	39	2017.7179	23.7949	1.6818
10456	learning analytics	0.9347	-0.2641	1	37	113	24	2018.375	17.0833	1.819
10463	learning disability	0.5488	0.1243	3	61	106	16	2013.0625	22.9375	0.5696
10530	legislation	0.7294	0.29	1	83	157	26	2017.2692	12.3077	1.2695
10561	lesion	-0.8476	-0.4304	2	93	262	53	2016.4717	16.6226	0.6354
10567	letter to the editor	-0.7432	-0.314	2	52	125	26	2017.7308	1.2692	0.3994
10612	library science	0.682	0.0045	1	56	116	34	2016.2647	18.9412	0.5986
10621	life course approach	0.1288	0.3251	3	63	125	16	2016.3125	43.3125	2.4048
10626	life expectancy	-0.1196	0.0776	4	80	159	25	2015.4	27.48	1.008
10737	literacy	0.5171	0.3346	3	98	247	40	2015.75	62.225	1.2636
10748	literature survey	0.5415	-0.2618	1	88	140	24	2016.2917	24.4167	1.4177
10753	live birth	-0.8326	0.3118	2	58	155	25	2015.72	23.48	1.1617
10771	liver transplantation	-1.0236	0.2167	2	46	102	19	2017	9.8947	0.6481
10847	long term care	0.2406	0.1096	4	87	199	29	2015.3448	24.3103	0.8808
10879	low and middle income countries	0.3612	0.0756	1	69	136	29	2017.4828	10.2069	0.5637
10882	low back pain	-0.4133	-0.3817	5	143	552	80	2012.45	58.425	0.9647
10883	low birth weight	-0.4154	0.4669	2	77	215	33	2014.1515	48.6061	0.9028
10927	lower risk	-0.7243	0.114	2	101	227	33	2016.4848	28.2121	0.9139
10933	lumbar	-0.6906	-0.5513	5	90	286	48	2015.0417	21.5	0.7012
10951	lumbar vertebrae	-0.5658	-0.5348	5	52	153	24	2011.4583	60.7917	0.9644
10959	lung	-1.1391	-0.0404	2	96	291	52	2016.3462	14.9808	0.6039
10962	lung cancer	-1.2219	-0.0057	2	137	719	104	2014.5096	36.9423	0.868
10973	lupus	-1.1129	0.349	6	54	117	19	2015.7368	45.1053	0.7119
10985	lymph node	-1.1194	-0.4037	2	89	312	47	2015.6596	22.4043	0.8968
10989	lymphadenectomy	-1.0675	-0.3195	2	54	116	18	2017	16.8889	0.8351
10995	lymphedema	-0.7961	-0.4675	2	58	129	21	2016.5714	21.9048	0.783
11004	lymphoma	-1.1473	0.0088	2	92	238	36	2014.3056	10.8056	0.4109
11020	machine learning	0.7147	-0.4636	1	112	427	89	2018.5955	15.2697	1.4814
11050	magnetic resonance imaging	-0.7535	-0.352	2	153	540	100	2016.6	20.5	1.1143
11058	mainstream	0.9226	0.2787	1	66	98	18	2017.8889	19.2222	3.3571
11072	major depressive disorder	-0.2868	0.4056	3	65	137	22	2017.2273	40.8182	2.64
11082	malaria	-0.0073	0.1876	7	59	108	19	2016.5263	21.4211	0.9545
11100	malignancy	-1.0966	-0.1854	2	142	420	69	2016.2464	13.4058	0.7792
11113	malnutrition	-0.1833	0.1001	8	118	290	42	2015.8571	46.9286	1.8553
11126	management	1.1687	0.0611	1	75	149	27	2014.8148	93.2222	2.7301
11144	management science	1.0596	-0.1846	1	320	2027	479	2016.7578	23.3215	1.0949
11170	manual therapy	-0.3742	-0.5686	5	44	104	17	2011.9412	31.1176	0.5791
11172	manufacturing	1.1994	-0.0965	1	63	139	25	2018.12	34.92	1.7974
11231	marketing	1.0206	0.1215	1	196	812	155	2016.9226	30.9548	1.3992
11260	mass screening	-0.3003	0.2474	3	80	157	22	2012.9545	43.3182	1.0149
11269	mastectomy	-0.9328	-0.4062	2	47	153	24	2016.3333	24.3333	1.0908
11319	mathematics education	0.7559	0.078	1	117	455	117	2017.9658	12.8376	1.0601
11329	maxilla	-0.8581	-0.6513	5	31	95	20	2016.6	17.85	0.6982
11354	mean age	-0.6085	-0.3233	2	92	197	40	2016.625	10.675	0.6687
11432	medical diagnosis	-0.1611	-0.1515	4	127	284	42	2015.9524	21.381	0.9237
11435	medical education	0.505	0.013	1	356	2057	397	2016.6776	18.6222	0.9014
11436	medical emergency	0.2263	-0.1279	4	195	746	122	2015.2951	24.6967	0.7948
11448	medical imaging	-0.375	-0.5242	2	54	112	20	2017	8.7	1.0779
11455	medical literature	-0.1252	-0.2354	4	206	535	88	2014.6705	53.0227	1.0993
11460	medical physics	-0.0902	-0.3477	4	227	827	169	2015.4615	22.7633	0.8448
11461	medical prescription	-0.2791	0.0299	4	148	391	54	2014.0556	43.0556	0.9018
11465	medical record	-0.3518	-0.2585	2	77	125	21	2015.6667	25.7143	0.6942
11488	medication adherence	-0.1813	0.336	3	67	148	22	2015.8182	31.8636	1.538
11501	medicine	-0.4755	-0.0321	2	914	57693	10522	2015.444	26.4441	0.921
11514	medline	-0.2525	-0.074	4	873	17712	2558	2014.8941	39.724	1.2103
11533	melanoma	-1.2769	-0.2542	2	53	145	26	2015.4615	17.6923	0.6187
11565	men who have sex with men	0.1565	0.5765	3	60	119	17	2015.1765	27.6471	1.7644
11595	mental health	0.3117	0.4112	3	369	2304	331	2016.142	29.4894	1.199
11603	mental illness	0.2417	0.4551	3	118	359	53	2015.6792	28.7925	1.0773
11643	meta analysis	-0.6935	0.0276	2	676	7509	1189	2015.6417	32.2145	1.4033
11660	metabolic syndrome	-0.5278	0.5997	8	61	171	25	2016.16	30.44	1.2234
11688	metastasis	-1.1418	-0.2485	2	127	449	70	2016.7143	16.4857	0.7423
11690	metastatic breast cancer	-0.9734	-0.0295	2	57	154	21	2016.2381	10.0476	0.5409
11705	metformin	-0.6364	0.5596	8	47	147	24	2017.4167	9.9583	0.8907
11713	methodological quality	0.0148	-0.2247	5	167	432	68	2014.5441	30.7059	0.9956
11716	methotrexate	-1.1898	0.4159	6	66	183	25	2015.64	30.24	1.3398
11738	mhealth	0.5186	-0.1849	1	115	335	46	2017.7174	34.7826	2.8158
11817	migraine	-0.6044	0.0699	2	87	190	29	2015.0345	17.7931	1.1531
11828	military personnel	0.2621	0.5251	3	59	117	17	2015.4118	23.1765	0.9012
11838	mindfulness	0.3563	0.607	3	67	185	26	2017.2308	20.7308	1.4082
11927	mobile device	0.9381	-0.3074	1	82	206	40	2017.8	16.575	1.2381
11932	mobile phone	0.8609	-0.2505	1	56	98	19	2017.0526	23.5789	1.2364
11937	mobile technology	0.5236	-0.0377	1	77	148	23	2017.5217	22.8261	1.0884
11946	modalities	-0.1489	-0.2912	2	114	232	39	2016.1282	23.7692	1.0005
12039	mood	-0.1993	0.3829	3	91	239	36	2015.4444	44.9444	1.6287
12065	mortality rate	-0.7655	-0.0588	2	218	773	117	2016.0427	30.0085	1.6712
12166	multidisciplinary approach	0.2775	-0.1394	1	147	327	54	2015.3519	24.4444	1.087
12178	multimedia	0.8278	-0.2672	1	103	250	49	2016.1837	23.6122	1.1188
12190	multinational corporation	1.0494	0.1429	1	57	109	20	2016.45	10.2	1.3786
12211	multiple myeloma	-1.2457	0.1224	2	57	187	39	2016.4103	5.8718	0.2284
12214	multiple sclerosis	-0.3171	0.0834	3	96	253	44	2015.4545	19.8864	0.7689
12226	multivariate analysis	-0.6884	-0.0497	2	90	162	24	2014.4167	64	1.7864
12272	music therapy	0.1024	-0.1898	3	62	162	22	2014.5909	23.0909	0.3996
12314	myocardial infarction	-0.8953	0.0639	2	95	305	45	2015.4444	29.9778	1.3625
12369	narrative	0.5147	0.1556	1	177	489	80	2017.1875	23.7625	1.0899
12372	narrative review	0.3326	0.0263	1	87	135	22	2015.3636	35.2273	1.2049
12424	natural disaster	0.6193	0.1952	1	73	148	22	2016.5909	25.2727	1.047
12427	natural history	-0.7385	-0.2809	2	114	258	43	2013.6279	61.3488	1.188
12432	natural language processing	0.8931	-0.5485	1	38	114	26	2018.1154	21.9615	0.8919
12449	nausea	-0.8904	0.1526	2	89	280	42	2015.7857	16.6667	0.7563
12463	neck pain	-0.447	-0.4485	5	69	175	26	2013.4615	63.8846	0.9359
12478	needs assessment	0.3512	0.1148	3	89	175	24	2012.5417	44.9167	0.9319
12500	neoadjuvant therapy	-1.2356	-0.3004	2	58	107	16	2015.9375	17.5	1.0049
12534	nephrectomy	-1.0074	-0.3816	2	47	104	19	2013.8421	27.0526	0.9858
12537	nephrology	-0.894	-0.1898	2	77	205	32	2014.3438	34.3125	1.2292
12607	neurocognitive	-0.1992	0.263	3	75	180	27	2016.2593	21.2963	1.323
12628	neuroimaging	-0.2582	-0.0099	3	92	265	50	2015.08	33.1	1.2233
12648	neurology	-0.6375	-0.2093	2	132	335	54	2016	22.8333	1.1164
12664	neuropathic pain	-0.4627	-0.136	3	56	130	22	2013.5455	35.8636	1.0885
12677	neuropsychology	-0.0601	0.1909	3	71	194	34	2015.0588	44.4706	1.42
12678	neuroradiology	-0.7243	-0.3438	2	66	160	28	2014.75	23.8929	1.0994
12682	neuroscience	-0.3343	-0.0413	3	84	229	56	2014.9643	33.1786	1.2068
12686	neurosurgery	-0.6643	-0.3704	2	162	481	84	2016.0952	21.7619	0.8803
12704	neutropenia	-1.1372	0.2025	2	54	119	20	2013.9	21.05	0.7937
12719	new product development	1.2404	-0.0562	1	66	174	31	2017.4516	17.2258	1.0276
12824	non small cell	-1.2696	-0.0259	2	44	169	28	2016.25	5.4643	0.2347
12856	norm	0.814	0.3459	1	58	105	17	2018.1176	6.1765	1.8422
12872	normative	0.6762	0.1948	1	71	133	22	2016.5909	24.0909	1.5981
12907	nuclear medicine	-1.0285	-0.4613	2	86	265	51	2014.8627	26.7059	0.9035
12932	nurse education	0.4807	0.0058	4	94	249	37	2014.8649	29.1622	0.7804
12941	nursing	0.3808	0.05	4	401	3780	589	2014.4448	39.2156	1.0783
12944	nursing care	0.1836	0.0481	4	111	291	43	2013.4186	25.1395	0.8134
12950	nursing interventions classification	0.1307	-0.2721	4	49	143	20	2014.75	13.85	0.5409
12959	nursing research	0.2535	-0.0158	4	162	658	82	2013.3171	53.7317	1.2541
12991	obesity	-0.2413	0.5114	8	188	906	134	2014.9701	58.5224	1.7782
13024	observational study	-0.4244	0.2084	6	465	2865	392	2016.051	29.1454	1.169
13036	obstetrics	-0.6287	0.3715	2	196	1009	183	2015.1913	27.3716	0.866
13041	obstructive sleep apnea	-0.6506	0.1833	2	52	116	24	2013.2083	61.7917	1.1844
13050	occlusion	-0.9487	-0.2838	2	61	133	23	2015.913	19.7391	1.3184
13064	occupational safety and health	0.4287	0.5753	3	221	1484	188	2014.6489	36.3883	1.2958
13066	occupational therapy	0.1647	-0.2006	5	71	147	21	2013.8095	12.619	0.4384
13085	odds ratio	-0.8085	0.1505	2	299	1534	206	2013.835	60.2621	1.2923
13108	offspring	-0.3336	0.5703	8	65	139	20	2017.5	9.65	0.8277
13117	older people	0.3866	0.0913	3	86	188	34	2014.7941	30.8529	0.9319
13154	oncology	-1.1183	0.0028	2	314	3537	574	2016.0192	18.3084	0.7248
13177	ontology	1.078	-0.3026	1	67	183	36	2017.1667	7.4167	0.8514
13203	open innovation	1.1943	0.1682	1	48	126	25	2018.52	17.16	3.0209
13233	operational definition	0.2109	-0.2187	4	63	109	16	2015.0625	48.5	1.6948
13239	operationalization	0.7265	0.0935	1	129	243	41	2017.2927	34.4634	1.5493
13240	operations management	0.9531	-0.1019	1	147	384	69	2015.6232	34	1.5009
13241	operations research	0.8488	-0.0551	1	86	208	48	2017.1458	30.7917	1.8272
13247	ophthalmology	-1.1194	-0.1235	2	37	118	35	2016.1714	33.5143	0.6035
13251	opioid	-0.6429	0.0131	4	50	117	18	2013.8889	36.8889	0.825
13363	organizational culture	1.0876	0.0717	1	104	214	35	2016.4571	52.3714	1.7085
13394	original research	0.1471	0.1162	3	65	105	18	2015.8889	23.9444	1.4196
13395	originality	1.0868	0.0131	1	159	537	89	2017.6292	19.573	1.354
13411	orthodontics	-0.5972	-0.6762	5	84	362	104	2015.75	17.1058	0.573
13418	orthopedic surgery	-0.6018	-0.5101	5	217	1060	178	2014.4326	43.3876	1.324
13434	osteoarthritis	-0.5524	-0.3405	5	137	577	92	2015.6848	34.3587	1.1813
13455	osteoporosis	-0.5929	-0.0585	5	108	308	46	2014.5435	32.4348	1.0194
13467	otorhinolaryngology	-0.5225	-0.2875	2	94	211	36	2016.3056	15.25	0.6498
13476	outbreak	-0.1155	0.2054	7	64	173	31	2016.2903	33.4516	2.0116
13482	outcome measures	-0.2445	-0.3572	5	163	470	78	2015.7949	18.7692	0.7586
13488	outcomes research	-0.5377	0.31	6	74	164	22	2015.7727	45.5909	1.5167
13497	outsourcing	1.3361	-0.1266	1	56	219	38	2014.7895	14.5526	0.3497
13498	ovarian cancer	-1.0547	0.0281	2	100	275	40	2016.075	12.875	0.7437
13514	overactive bladder	-0.785	-0.2245	2	58	184	31	2015.0323	31.2903	0.775
13517	overall survival	-1.157	-0.1851	2	74	216	35	2016.6571	7.4857	0.506
13528	overweight	-0.172	0.5414	8	130	473	65	2014.9538	88.1077	2.0329
13529	ovid medline	-0.1822	-0.2207	7	63	105	19	2017.3158	11.4211	0.7879
13590	pain medicine	-0.4707	-0.1038	4	58	114	17	2014.4118	33.4706	1.0371
13616	palliative care	-0.0711	-0.0186	4	205	954	132	2014.5	38.4848	1.0659
13639	pancreatic cancer	-1.2034	-0.1202	2	67	160	24	2016.5833	10.8333	0.8648
13658	pandemic	-0.0471	0.1344	7	128	334	52	2018.4808	13.4423	2.477
13736	parenteral nutrition	-1.2211	-0.0809	2	52	151	25	2015	53.4	1.0302
13745	parkinson s disease	-0.417	-0.1003	3	68	160	34	2015.9706	20.0294	0.6819
13822	pathogenesis	-1.125	0.1575	2	58	132	27	2016.4074	12.1852	0.7092
13827	pathological	-0.9437	-0.1775	2	93	206	39	2016.5641	16.4872	0.7941
13829	pathology	-0.8023	-0.069	2	332	1591	301	2014.5415	28.5316	0.8409
13838	patient care	0.5016	-0.2877	1	68	123	20	2013.75	57.5	1.6292
13854	patient education	0.0224	-0.0633	4	109	269	36	2014.3333	25.1667	0.7587
13857	patient experience	-0.0141	-0.169	4	88	185	28	2017	28.6429	1.106
13872	patient participation	0.0883	0.1682	4	79	185	23	2015.8261	35.7391	1.7496
13880	patient reported outcome	-0.318	-0.3512	5	69	164	25	2017.16	8.2	0.423
13885	patient safety	0.2824	-0.2073	4	193	598	86	2015.0349	34.5814	1.1089
13886	patient satisfaction	-0.0788	-0.2661	4	201	700	100	2014.86	58.64	1.369
13907	payment	0.7548	-0.0627	1	85	169	27	2017.4815	9.7037	0.8333
13931	pedagogy	0.7749	0.1833	1	125	466	112	2016.7054	18.9732	0.8579
13966	pediatrics	-0.5013	0.1772	2	535	4281	731	2014.8851	31.4022	0.9419
13984	peer review	0.4237	0.1541	1	236	588	97	2016.7938	17.9897	1.2019
13985	peer support	0.2894	0.5541	3	69	145	22	2017.5	16.3182	0.8517
14067	perception	0.5939	0.135	1	205	570	99	2016.4646	37.8586	1.4995
14069	percutaneous	-0.823	-0.4044	2	81	208	40	2015.75	16.675	0.9124
14070	percutaneous coronary intervention	-1.1559	-0.0813	2	44	124	17	2016.3529	6.5882	0.4035
14088	performance indicator	0.9165	-0.1498	1	76	134	23	2017.9565	5.7826	0.9528
14090	performance measurement	1.0336	0.0212	1	85	185	32	2017.5938	14.75	1.1571
14132	perioperative	-0.7777	-0.2482	2	185	556	89	2016.7978	18.3258	0.8767
14207	personality	0.5327	0.2621	3	124	293	51	2016.1961	34.9608	1.2375
14236	pet ct	-1.1228	-0.4709	2	39	105	20	2017.6	9.45	0.7028
14271	pharmacology	-0.6895	0.3313	6	132	388	82	2014.5244	23	0.9419
14276	pharmacotherapy	-0.4193	0.1515	4	140	357	56	2014.75	33.125	1.3326
14278	pharmacy	0.4222	0.025	1	92	193	29	2014.6897	23.2414	0.654
14294	phenomenon	0.9642	0.1383	1	146	406	76	2018.1053	11.6316	1.6805
14342	physical activity	0.186	0.2103	3	128	350	63	2015.7619	33.2381	1.3247
14355	physical examination	-0.6237	-0.2839	5	132	398	63	2014.127	43.9524	0.9562
14356	physical exercise	-0.3813	0.1099	3	75	162	23	2013.4783	49.4348	0.9568
14358	physical fitness	-0.024	0.0364	3	68	142	19	2013.4737	61.3158	1.5206
14367	physical medicine and rehabilitation	-0.2537	-0.3985	5	245	1681	301	2014.2525	34.3156	0.9605
14373	physical therapy	-0.4121	-0.1966	5	522	6900	1049	2013.8227	41.511	1.0251
14392	physiology	-0.6624	0.3343	2	91	219	50	2015.98	35.28	1.0094
14444	placebo	-0.7994	0.2965	6	185	825	120	2015.0917	25.575	0.9111
14500	plastic surgery	-0.2922	-0.3842	2	53	146	32	2016.3125	9.3125	0.3826
14565	poison control	0.2815	0.4431	3	315	2588	338	2014.6805	35.0118	1.2388
14592	political science	0.8752	0.2229	1	275	1566	389	2018.3625	7.5656	1.0063
14596	politics	1.0038	0.2519	1	102	227	44	2017.2955	22.9318	1.6488
14622	polymyalgia rheumatica	-1.089	0.1751	6	52	102	15	2017.6667	4.6667	1.0711
14641	pooled analysis	-0.5986	-0.3893	2	49	106	26	2016.4615	8.2692	0.4175
14665	popularity	0.9024	-0.2107	1	92	168	32	2017.5625	7.4375	0.6192
14666	population	-0.2093	0.2173	3	746	6700	968	2015.4525	34.2459	1.1796
14667	population ageing	0.4742	0.0925	1	80	169	23	2016.3043	20.4783	1.069
14675	population health	0.2467	0.1464	4	108	213	30	2015.9667	29.3333	1.4287
14681	population study	-0.2759	0.3196	7	107	220	28	2012.7857	96.6786	2.4218
14739	positron emission tomography	-1.0955	-0.3965	2	76	238	38	2015.8421	35.8158	1.4149
14825	postoperative complication	-0.9702	-0.3175	2	66	118	17	2015.7059	45.2353	1.4186
14837	postpartum period	-0.4551	0.4888	3	70	141	21	2015.1429	25.4762	0.9832
14863	poverty	0.5784	0.3268	1	94	165	26	2016.8462	29.6923	1.2225
14879	practical implications	0.9521	0.0072	1	98	193	32	2018.1562	13.0938	1.1334
14927	predictive value of tests	-0.8083	0.0229	6	84	167	23	2011.1304	79.2174	1.5136
14940	pregnancy	-0.5746	0.3814	2	303	1794	291	2015.5533	22.701	0.8346
14975	prenatal diagnosis	-0.7433	0.3695	2	41	110	23	2016.0435	14.8261	0.644
14991	preparedness	0.6291	0.0726	1	101	224	32	2016.5	22.7188	1.3617
15016	prevalence	-0.1877	0.1857	3	125	392	51	2014.0392	80.9608	1.8116
15044	primary care	0.1303	0.0303	4	96	236	39	2015.359	24.4359	0.7278
15063	primary outcome	-0.495	-0.2503	2	75	152	25	2015.76	26.72	0.8882
15067	primary research	0.4227	-0.0515	1	137	265	39	2015.0769	37.6154	1.0114
15072	primary tumor	-1.2399	-0.233	2	64	163	23	2016	22.9565	0.9611
15105	private sector	1.0169	0.1674	1	77	150	23	2016.7391	23.5652	1.524
15154	process management	1.2489	-0.2059	1	218	1701	317	2017.5647	17.959	1.3602
15157	process modeling	1.2058	-0.4358	1	34	91	18	2017.1667	10.3333	0.8122
15209	professional development	0.7098	0.0152	1	86	232	41	2017.1951	18.4878	1.3321
15241	program evaluation	0.5179	0.2087	1	151	340	45	2013.6667	72.9111	1.6594
15259	progression free survival	-1.2641	0.0146	2	51	134	20	2017.6	4.8	0.4436
15279	project management	1.2866	-0.2267	1	95	319	57	2016.4386	18.386	0.7942
15341	prospective cohort study	-0.7329	-0.1084	2	354	1718	245	2015.4204	38.8	1.2455
15350	prostate	-0.9429	-0.452	2	57	158	27	2014.5926	37.2222	1.3282
15354	prostate cancer	-0.897	-0.3236	2	159	666	103	2015.7573	37.2039	1.2871
15363	prostatectomy	-0.9179	-0.4728	2	66	198	30	2015.1	46.0667	1.4445
15366	prosthesis	-0.602	-0.5628	5	67	192	32	2014.2188	69.3125	1.1482
15434	psoriasis	-0.7553	0.4469	6	108	421	59	2014.6441	45.5932	1.2251
15436	psoriatic arthritis	-0.959	0.539	6	121	533	71	2016.5775	17.6761	0.7605
15445	psychiatry	-0.0154	0.3729	3	430	3947	621	2014.4461	39.0853	1.2086
15466	psychological intervention	0.1907	0.1796	3	652	7930	1101	2015.4814	31.4396	1.1088
15470	psychological resilience	0.6964	0.3113	1	192	460	72	2017.8056	18.4861	1.6296
15480	psychology	0.3981	0.1825	3	627	10141	2092	2017.0779	19.2639	1.0515
15485	psychometrics	0.0739	-0.1317	5	105	285	42	2014.6905	62.0476	2.2458
15488	psychopathology	0.1102	0.503	3	71	170	25	2015.08	36.76	1.5371
15494	psychosis	-0.0484	0.4554	3	92	250	36	2015.3056	24.5278	1.3416
15495	psychosocial	0.0863	0.4074	3	279	1350	189	2015.1534	31.8995	1.0584
15500	psychotherapist	0.2433	0.2401	3	154	581	116	2015.2672	14.7759	0.5879
15504	psycinfo	0.18	0.2902	3	441	3388	438	2015.9543	26.3288	1.1607
15523	public economics	0.8241	0.2164	1	149	480	90	2016.6778	12.1667	1.0325
15527	public health	0.2328	0.3539	3	451	3333	459	2015.2484	41	1.3915
15551	public policy	0.7431	0.2061	1	110	175	30	2017	25.4333	2.4076
15553	public relations	0.8908	0.2024	1	312	1849	373	2017.3378	19.7668	1.2789
15555	public sector	0.9038	0.0903	1	102	224	41	2017.6098	17.7073	1.1874
15568	publication bias	-0.3806	0.0515	2	182	471	69	2015.2174	33.6377	1.1742
15576	publishing	0.8277	-0.0886	1	80	142	27	2016.3704	14.4444	2.6781
15584	pulmonary disease	-0.1247	0.3045	6	52	153	26	2015.8077	15.8846	0.9198
15588	pulmonary embolism	-1.0541	-0.1646	2	57	173	26	2013.6538	29.5385	0.7358
15625	purchasing	0.9486	0.1612	1	57	114	19	2017.4211	20.0526	1.8015
15655	qualitative analysis	-0.1569	-0.2071	2	75	108	20	2017.4	17.05	0.8156
15663	qualitative property	0.5964	-0.0573	1	93	184	27	2015.7407	37.4074	1.3028
15664	qualitative research	0.4828	0.2076	1	370	1708	252	2016.4008	26.9484	1.2883
15665	quality adjusted life year	-0.0388	-0.335	4	62	190	26	2013.2692	27.9615	0.606
15667	quality assessment	0.5771	-0.2332	1	141	289	53	2017.0943	9.7358	0.6253
15668	quality assurance	0.6855	-0.4144	1	87	148	25	2017.24	20.4	0.8921
15681	quality management	0.7042	-0.2251	1	188	587	90	2015.9444	27.5889	0.9865
15686	quality of care	0.4561	-0.1692	4	68	127	19	2015.7368	10.4737	0.5512
15688	quality of life	-0.3776	0.017	4	530	4346	608	2015.4227	32.7204	1.0176
15690	quality of life research	-0.0915	0.1683	3	63	126	19	2016.6316	21.8421	1.3925
15760	radiation therapy	-1.0925	-0.2381	2	185	923	149	2015.4094	28.8255	0.839
15770	radiofrequency ablation	-0.697	-0.2811	2	56	101	18	2017.0556	9	0.4797
15775	radiography	-0.7964	-0.538	5	119	349	66	2014.7121	37.1364	1.1013
15778	radiological weapon	-0.7409	-0.5043	5	91	254	51	2016.2157	12.2745	0.9085
15779	radiology	-0.9773	-0.3612	2	287	2111	445	2016.2966	16.7213	0.7202
15784	radiosurgery	-1.1837	-0.413	2	38	100	20	2015.7	32.45	1.2446
15796	random effects model	-0.3491	0.1166	8	81	175	26	2016.2692	37.1538	1.4875
15803	randomization	-0.5996	-0.1447	2	60	122	16	2013.4375	25.4375	0.6504
15804	randomized controlled trial	-0.6154	0.0075	2	595	6473	920	2014.7043	33.2609	0.9298
15805	range of motion	-0.5432	-0.6202	5	96	364	60	2014.9167	36.1833	1.1333
15810	ranking	0.9374	-0.1187	1	107	210	36	2017.3889	20.3056	3.2086
15827	rare disease	-0.9887	-0.1876	2	76	143	26	2017.7692	7.9231	0.3145
15836	rash	-1.0634	0.219	2	40	111	20	2015.85	18.55	0.9905
15916	recreation	0.6042	0.3462	1	57	103	17	2016.5294	33.2941	2.1835
15973	referral	-0.1362	0.1666	4	130	304	41	2014.6098	32.5122	0.8348
15988	refractory	-1.0649	0.1107	2	91	258	39	2016.1282	13.2821	0.6398
15997	regimen	-0.8796	-0.0248	2	119	330	50	2014	32.96	0.9906
16003	regional science	0.9651	0.256	1	69	213	51	2018.9804	13.8431	1.6489
16014	rehabilitation	-0.1725	-0.3578	5	279	1408	206	2014.7816	30.9417	0.9327
16020	reimbursement	0.2682	-0.2715	4	102	276	38	2016.1053	12.3158	0.5762
16045	relative risk	-0.9055	0.118	2	251	1266	169	2014.503	44.8462	1.1874
16091	renal cell carcinoma	-1.0592	-0.382	2	63	153	27	2017.2222	7.2593	0.5296
16093	renal function	-0.8817	0.0983	2	67	153	24	2015.8333	18.4167	0.7872
16128	reproductive health	0.1882	0.5225	3	126	373	51	2016.1569	18.3137	1.0678
16130	reproductive medicine	-0.4918	0.4378	2	50	100	17	2015.7059	20.5882	1.0855
16143	requirements engineering	1.274	-0.3804	1	76	287	56	2016.5893	21.7857	1.1196
16151	research areas	1.1913	-0.2539	1	71	142	26	2017.4231	23.9231	1.6212
16156	research community	0.9828	-0.1954	1	56	113	23	2017.3478	21.3478	1.2926
16160	research design	0.2749	0.0198	4	276	846	121	2013.5702	58.9256	1.4242
16167	research findings	0.6757	0.156	1	61	103	21	2015.2857	55.1905	1.6167
16171	research literature	0.6077	0.0101	1	137	272	52	2015.2308	25.6923	1.0447
16172	research method	1.0514	-0.2109	1	82	146	24	2016.8333	16.4583	0.7394
16173	research methodology	0.7953	-0.0181	1	85	147	29	2015.1724	27.3793	1.0902
16177	research opportunities	1.1162	-0.112	1	76	134	26	2018.9615	8.3846	1.633
16184	research question	0.7161	-0.145	1	198	519	83	2017.0602	16.988	0.6508
16185	research questions	0.9134	-0.2796	1	171	514	105	2017.8476	11.7524	1.0821
16192	research studies	0.6562	-0.2004	1	110	198	35	2016.9714	16.2571	0.798
16195	resection	-0.8556	-0.5264	2	41	107	27	2017	13.9259	0.4958
16240	respiratory disease	-1.1569	0.0924	2	59	146	19	2006.5263	96.7368	0.8133
16264	response rate	-0.4394	0.0566	2	101	191	26	2013.2308	53.9615	0.9792
16282	resuscitation	-0.4953	-0.0696	4	62	130	23	2013.0435	32.8261	0.992
16322	retrospective cohort study	-0.8518	-0.0766	2	334	1500	225	2015.8578	23.5156	0.9319
16340	reuse	1.2285	-0.2318	1	61	150	28	2017.6429	6.7143	1.5416
16348	reverse logistics	1.276	-0.072	1	41	102	18	2018.7222	7.8333	1.01
16355	review article	0.0875	-0.0751	1	185	381	64	2015.2031	29.0469	1.1818
16359	review process	0.7592	-0.2806	1	69	117	22	2018	11.2273	0.7285
16381	rheumatism	-0.8531	0.3511	6	116	451	54	2015.4259	33.0741	1.3009
16382	rheumatoid arthritis	-1.0013	0.4268	6	201	1460	192	2015.4688	41.0677	1.1931
16385	rheumatology	-0.9663	0.3215	6	184	1089	135	2015.2444	30.4	0.9744
16423	rigour	0.755	0.0105	1	100	153	22	2014.6364	23.7727	1.1508
16431	risk analysis	1.03	-0.2722	1	199	782	172	2017.2674	14.936	1.3501
16432	risk assessment	-0.1824	-0.0337	4	207	532	80	2014.2875	53.775	1.589
16439	risk factor	-0.612	0.2394	2	275	1146	161	2013.5839	71.8199	2.9122
16444	risk management	0.8964	0.0008	1	153	381	68	2016.8088	17.7794	1.1399
16451	risk perception	0.3282	0.364	3	76	137	21	2016.5714	45.5714	2.2548
16464	rituximab	-1.1712	0.3357	6	88	318	48	2015.6667	19.5208	0.7873
16482	robot	0.7299	-0.3454	1	57	105	21	2018.4762	11.0952	2.0797
16568	rural area	0.5711	0.1905	1	104	191	26	2016.4231	24.1923	1.3293
16648	sample size determination	-0.2404	-0.1822	5	244	685	100	2014.79	43.01	1.2131
16661	sarcoma	-0.9934	-0.2766	2	74	172	29	2016.2069	8.7931	0.5465
16680	scalability	1.153	-0.3973	1	65	185	34	2017.7059	22.2353	1.8253
16691	scarcity	0.9144	0.021	1	76	117	20	2017.35	16.25	1.4063
16706	schizophrenia	-0.1353	0.4297	3	134	505	78	2015.3974	25.2436	0.9079
16715	scholarship	0.9107	0.1766	1	69	117	20	2017	21.6	1.8184
16746	scielo	0.4168	0.2746	1	49	122	30	2015	3.2667	0.2757
16766	scientific evidence	0.3004	-0.0267	1	150	293	43	2014.6279	52.6744	1.4487
16768	scientific literature	0.5112	-0.0781	1	319	839	137	2016.7737	22.4599	1.3323
16769	scientific method	0.8731	-0.0699	1	71	109	19	2017.7895	23.5789	2.0141
16789	scoliosis	-0.6617	-0.547	5	47	123	21	2014.9524	25.381	0.8136
16794	scopus	0.613	-0.0244	1	490	2599	406	2018.3793	9.0739	1.0588
16818	scrum	1.3678	-0.3258	1	47	145	21	2016.619	21.3333	0.672
16828	search terms	0.1947	-0.1073	1	135	250	42	2016.0476	24	1.1205
16894	sedation	-0.42	0.0902	4	70	151	25	2015.56	16.8	0.5183
16926	self concept	0.3211	0.225	3	59	106	17	2015.4118	21.1176	0.8297
16933	self efficacy	0.5512	0.3196	3	76	137	24	2017.2917	24.8333	1.6776
16939	self management	0.1546	0.2385	3	104	259	35	2015.9429	16.9714	0.9303
16968	semantic web	1.0307	-0.3785	1	43	104	20	2017.65	5.3	1.019
17013	sepsis	-0.7839	0.0565	2	73	188	34	2015.4706	20.3529	0.7454
17067	service delivery framework	0.7233	0.1264	1	127	235	37	2016.8108	19.8378	1.0747
17093	service provider	0.8355	0.1847	1	72	130	22	2017.8182	24.5909	1.8297
17095	service quality	1.0025	-0.017	1	63	160	29	2017.6897	7.1724	0.8637
17131	severity of illness	-0.5383	-0.1474	5	170	520	69	2012.7246	86.2899	5.5096
17145	sexual abuse	0.3841	0.4958	3	75	160	25	2016.6	22.96	0.9328
17156	sexual function	-0.5409	0.0263	2	65	132	19	2014.6842	36.3684	0.7861
17245	sick leave	-0.1306	0.3324	5	68	167	22	2012.2727	78.7727	1.2488
17298	single center	-1.0678	-0.2287	2	89	201	37	2016.9189	12.8378	0.9023
17350	six sigma	1.1852	-0.1714	1	38	113	21	2018.1429	19.8571	2.3232
17434	smart city	1.1291	-0.047	1	75	163	31	2018.7419	24.0645	3.2589
17461	smoking cessation	-0.1814	0.4088	3	88	220	31	2014.0645	35.2903	1.0792
17486	social capital	0.9629	0.2867	1	63	114	20	2018.15	12.2	2.6639
17509	social determinants of health	0.4077	0.4296	3	119	301	42	2016.7619	11.0952	0.7672
17520	social environment	0.3033	0.4974	3	99	230	32	2013.3125	49.0312	1.0811
17524	social exclusion	0.6863	0.379	1	85	154	25	2016.36	14.64	0.6646
17539	social issues	0.6483	0.4801	3	61	113	18	2015.7778	28.6667	1.0467
17547	social media	0.8503	-0.0143	1	182	626	122	2018.0984	12.2869	1.311
17554	social network	0.695	0.0499	1	132	310	60	2017.5333	18	0.9276
17562	social policy	0.784	0.2193	1	62	113	18	2015.3889	30.6667	1.0189
17566	social psychology	0.5237	0.3009	3	237	845	154	2014.8247	43.2727	1.5804
17570	social relation	0.6546	0.2705	1	84	135	21	2015.8095	35.5238	1.0085
17578	social science	0.7532	0.2662	1	91	194	47	2016.2979	15.0851	0.7594
17584	social software engineering	1.4843	-0.4801	1	27	105	16	2013.75	38.75	0.8931
17586	social stigma	0.0623	0.579	3	64	137	17	2016	35.4118	1.3684
17589	social support	0.24	0.4011	3	207	761	103	2014.9806	40.7767	1.2129
17590	social sustainability	1.1251	0.2004	1	55	103	17	2018.4706	10.1176	1.7818
17598	social welfare	0.7856	0.2504	1	67	117	18	2016.2778	14.3889	1.0869
17599	social work	0.5214	0.4305	3	124	304	49	2015.5102	21.3469	0.8016
17616	socioeconomic status	0.1254	0.3919	3	209	664	94	2015.7128	47.383	1.7846
17617	socioeconomics	0.4724	0.4239	1	81	143	24	2015.75	23.2083	1.3812
17619	sociology	0.8984	0.1567	1	295	1850	459	2018.1111	13.658	1.1363
17645	soft tissue	-0.8325	-0.4834	2	83	210	42	2017.0476	11.7619	0.6813
17651	software	1.2177	-0.3667	1	214	1465	269	2017.2305	10.2602	0.6894
17654	software architecture	1.2926	-0.4108	1	43	120	23	2016.4783	15.7391	0.7783
17665	software construction	1.5017	-0.4968	1	26	113	18	2014.7778	23.4444	0.7212
17668	software deployment	1.0086	-0.1841	1	102	234	44	2018.2727	13.9773	1.7397
17672	software development	1.3914	-0.3493	1	121	855	141	2016.078	19.1915	0.7316
17675	software development process	1.3733	-0.3827	1	80	400	64	2016.3906	14.4219	0.6281
17678	software engineering	1.3142	-0.4419	1	121	944	202	2016.8614	24.8267	0.8302
17688	software metric	1.4395	-0.4687	1	35	105	17	2015.7647	20.7059	0.9029
17692	software peer review	1.4701	-0.4602	1	50	288	44	2013.9091	51.6364	1.0057
17701	software project management	1.4679	-0.4178	1	33	120	19	2014.7895	23.5789	0.7505
17703	software quality	1.3346	-0.4176	1	65	221	39	2015.6154	45	1.4693
17711	software requirements	1.2827	-0.4776	1	50	151	25	2016.68	29.36	1.2783
17719	software system	1.2922	-0.4561	1	76	288	50	2017.12	21.86	1.3429
17720	software technical review	1.4844	-0.4466	1	41	193	29	2013.9655	64.1724	1.0851
17813	specialty	-0.0651	0.0427	4	71	152	23	2013.8261	44.4348	0.9085
17875	spinal cord	-0.7839	-0.4206	2	60	117	21	2015.7143	22.7143	0.6162
17877	spinal cord injury	-0.382	-0.3113	5	77	200	34	2015.5588	22.0882	0.7681
17887	spinal fusion	-0.6398	-0.5866	5	57	183	27	2012.7037	51.037	1.0772
17909	spirituality	0.4234	0.3221	3	80	161	27	2014.9259	38.3704	1.0785
17946	sports medicine	-0.3832	-0.4026	5	124	412	60	2015.3833	47.5833	1.3449
17967	staffing	0.3638	-0.0913	4	74	132	18	2015.2778	26.4444	0.6497
17969	stage	-1.0829	-0.3569	2	98	317	47	2014.766	33.8511	1.0426
17979	stakeholder	0.9449	-0.0647	1	135	300	52	2017	27.1923	1.6108
18005	standard treatment	-0.9771	-0.0682	2	106	253	41	2014.9512	18.0244	0.7775
18006	standardization	0.7264	-0.2098	1	106	206	36	2016.6389	23.7222	1.0499
18058	statistical significance	-0.7424	-0.1554	2	108	214	30	2015.8	30.9	1.0105
18072	stem cell	-0.9329	-0.0066	2	46	121	25	2016.16	31.84	1.2032
18076	stenosis	-0.824	-0.1982	2	83	184	30	2013.8333	29.2	1.2562
18078	stent	-1.1029	-0.2846	2	62	152	27	2014.7037	49.4815	1.1738
18097	stigma	0.2682	0.5981	3	107	332	47	2016.8298	25.8511	1.2894
18148	strategic management	1.1836	0.0265	1	86	204	34	2016.6765	14.2941	1.4963
18150	strategic planning	1.0445	0.0873	1	65	108	18	2017	15.6667	0.5911
18165	strengthening the reporting of observational studies in epidemiology	-0.0421	-0.0566	5	66	108	15	2015.4	25.3333	1.0707
18167	strengths and weaknesses	0.9452	0.026	1	132	229	35	2016.5714	22.9429	1.9749
18183	stressor	0.2073	0.3241	3	82	145	23	2016.5217	36.3043	1.2049
18188	strictly standardized mean difference	-0.7764	0.4062	6	54	133	18	2016.1667	44.6667	1.1529
18192	stroke	-0.6273	-0.1267	2	241	1198	186	2014.1237	39.1075	1.2021
18247	study heterogeneity	-0.6356	0.0517	5	79	177	26	2014.1923	62.1923	1.2957
18261	subarachnoid hemorrhage	-0.8739	-0.3514	2	61	178	30	2014.3333	31.6	0.8348
18266	subclinical infection	-0.6913	-0.0955	2	59	96	18	2016.3889	10.7778	0.542
18280	subgroup analysis	-0.9316	-0.057	2	108	262	34	2015.5294	26.8529	0.945
18305	substance abuse	-0.0848	0.4637	3	120	386	56	2014.8929	50.1607	1.3229
18310	substance use	0.1955	0.4081	3	52	104	20	2016.25	23.15	1.1958
18317	success factors	1.2613	-0.1217	1	64	140	28	2018.1429	4.9643	0.3657
18335	suicidal ideation	0.0281	0.6317	3	63	145	22	2017.5909	26.5	1.5784
18340	suicide prevention	0.4088	0.6603	3	200	1519	190	2015.2158	30.9579	1.1997
18378	supply chain	1.2266	-0.0165	1	160	939	159	2018.3333	21.2264	2.7124
18381	supply chain management	1.2074	-0.0281	1	127	631	106	2017.9811	25.0943	2.0211
18396	support vector machine	0.8429	-0.4946	1	41	103	20	2018.05	6.15	0.8574
18413	surgery	-0.8103	-0.3093	2	593	10044	1842	2014.2638	33.4251	0.8832
18443	surgical oncology	-1.026	-0.2615	2	93	258	39	2015.4615	28.5128	0.99
18466	surgical treatment	-0.8154	-0.5183	2	81	214	43	2016.5581	23.7442	0.8425
18481	survival analysis	-1.0934	-0.052	2	96	242	35	2013.1143	53.8857	1.0896
18486	survival rate	-1.0781	-0.2751	2	172	696	100	2014.15	45.29	1.1493
18488	survivorship curve	-0.3419	-0.204	5	69	142	20	2016.45	18.25	1.2949
18492	sustainability	1.1201	0.0788	1	242	1451	255	2018.6392	18.9216	2.2179
18509	sustainable development	1.1017	0.1712	1	152	558	104	2018.8558	14.2212	1.9955
18538	swallowing	-0.6608	-0.3442	2	54	124	20	2014.9	27.35	0.892
18586	synovitis	-0.9219	-0.1487	5	48	146	18	2014.8333	26.5556	0.8146
18621	systematic review	0.2942	-0.0928	1	998	48792	9332	2016.9743	16.8182	0.9766
18623	systematic search	0.1224	-0.1122	1	299	796	146	2016.2808	25.1575	1.322
18633	systemic lupus	-1.0265	0.4803	6	55	166	28	2016.25	10.8214	0.4005
18647	systems engineering	1.3332	-0.3616	1	81	287	53	2015.283	21.2642	0.7562
18737	teaching method	0.7355	0.0357	1	126	340	60	2017.2	17.1333	1.121
18753	teamwork	0.7322	-0.2448	1	97	233	37	2015.8378	21.027	1.0848
18813	telehealth	0.4104	-0.1787	1	59	121	16	2017.625	10.5625	2.2518
18815	telemedicine	0.3766	-0.2378	1	146	476	63	2015.8413	38.9048	2.0402
18857	tendon	-0.6417	-0.4362	5	47	99	20	2015.45	29.95	1.1399
18886	terminology	0.5081	-0.1464	1	172	348	62	2015.3871	22.9677	1.1734
18933	text mining	-0.4461	-0.2828	2	81	247	53	2016.0566	6	0.5146
18949	the internet	0.7921	-0.1201	1	200	657	115	2016.5043	29.1826	1.7721
18953	thematic analysis	0.6193	0.1027	1	291	946	136	2017.2059	21.25	1.8903
18975	theory of planned behavior	0.6959	0.1702	1	69	119	18	2018.1667	18.5	1.6595
18979	therapeutic approach	-0.8551	-0.1706	2	62	101	18	2016.7222	13.9444	1.2071
19074	thrombosis	-1.0178	-0.047	2	110	286	46	2015.587	30.6087	1.2413
19089	thyroid	-0.8983	-0.0768	2	68	168	34	2017.4118	10.8529	0.4489
19193	tocilizumab	-1.2358	0.5183	6	61	258	34	2016.2941	41.3529	1.7625
19197	tofacitinib	-1.2867	0.5777	6	37	138	17	2017.5882	27.2941	1.7522
19200	tolerability	-0.9273	0.1882	2	110	282	45	2016.2222	21.1778	1.0375
19263	total knee arthroplasty	-0.4388	-0.6878	5	46	119	23	2015.2609	32.3478	1.4489
19271	total quality management	0.83	-0.2004	1	66	118	18	2016.6111	36.8889	1.6548
19276	tourism	0.9694	0.2106	1	121	415	85	2018.8	10.6471	1.402
19286	toxicity	-0.92	0.0344	2	56	128	26	2017.5769	7.8462	0.5203
19299	traceability	1.1647	-0.286	1	57	130	22	2018.4545	16.8182	3.6782
19326	traditional medicine	-0.094	-0.0709	7	70	192	42	2013.4286	24.1905	0.6842
19367	transcranial magnetic stimulation	-0.3899	-0.0777	3	45	90	18	2016.2778	22.5556	0.8947
19392	transgender	0.4173	0.4973	3	72	154	27	2017.7407	15.4815	0.966
19406	transmission	-0.0092	0.2898	7	61	115	20	2016.2	17.5	0.7843
19413	transparency	0.9915	-0.1029	1	129	284	44	2018.2045	11.2727	2.0472
19424	transplantation	-0.9358	0.0802	2	157	505	80	2015.7125	25.425	0.8378
19459	traumatic brain injury	-0.2696	-0.1412	3	102	274	47	2015.383	15.4681	0.6361
19489	treatment options	-0.8378	-0.3337	2	64	129	27	2016.037	12.2593	0.4451
19490	treatment outcome	-0.4398	-0.3268	2	114	292	56	2015.1071	23.5357	0.8426
19510	triage	0.0029	-0.0991	4	78	189	27	2015.037	22.6296	0.6365
19541	triple bottom line	1.1978	0.0417	1	48	126	20	2019.35	6.7	1.7107
19573	tuberculosis	-0.3617	0.1464	7	108	243	42	2015.9524	16.7619	0.6515
19619	type 1 diabetes	-0.3815	0.5679	8	79	208	30	2015.1667	28.2	0.827
19620	type 2 diabetes	-0.405	0.5285	8	132	497	76	2016.3158	24.1184	1.4076
19621	type 2 diabetes mellitus	-0.405	0.588	8	104	330	49	2014.8163	28.9388	0.9658
19628	typology	0.7532	0.1107	1	103	160	28	2017.3571	28.1429	1.8604
19639	ulcerative colitis	-0.9216	0.3393	6	75	188	30	2015.8667	46.3333	1.0098
19651	ultrasound	-0.7862	-0.2827	2	94	266	46	2015.5652	22.2609	1.0201
19699	unified modeling language	1.1865	-0.4639	1	29	101	21	2016.4762	13.7143	0.6549
19717	univariate analysis	-1.0007	-0.1291	2	65	111	18	2016.2222	18.7778	1.1068
19796	urbanization	0.9359	0.3018	1	66	120	22	2017.6818	12.2273	1.8481
19815	ureteroscopy	-0.8985	-0.4412	2	33	104	22	2015.5455	11.0455	0.542
19837	urinary incontinence	-0.568	-0.2434	2	86	245	38	2013.4211	44.5526	1.1636
19842	urinary system	-0.7847	-0.137	2	112	285	50	2015.2	25.88	1.1545
19859	urology	-0.8841	-0.2848	2	81	240	51	2015.3137	23.0392	0.8771
19865	usability	0.855	-0.3568	1	157	473	86	2017.407	23.2791	1.5075
19881	user experience design	0.962	-0.3141	1	57	130	25	2018.28	12.24	1.0969
19931	vaccination	-0.2883	0.437	7	129	429	75	2016.9733	29.92	1.4637
19975	validity	0.1949	-0.0546	4	91	174	25	2016.36	25.36	1.3748
19980	valuation	0.5988	0.039	1	78	128	25	2017.56	8.24	1.5011
20032	vascular disease	-0.9831	-0.1051	2	66	144	22	2009	87.3182	1.0362
20045	vascular surgery	-0.6145	-0.2563	2	50	116	20	2015.8	14.55	0.8694
20051	vasculitis	-1.22	0.2299	6	59	161	28	2016.3571	22.5714	1.3736
20080	vendor	1.3633	-0.1593	1	38	160	24	2013.4167	20.9167	0.6591
20091	venous thromboembolism	-0.8705	-0.1429	2	45	109	20	2015.7	10.6	0.3666
20092	venous thrombosis	-1.0119	-0.0175	2	67	170	23	2013.3478	58.3913	1.0753
20164	veterinary medicine	-0.0718	0.2361	7	76	185	31	2015	36.5484	1.6089
20219	virology	-0.4671	0.3637	7	60	166	39	2015.7692	17.4359	0.6923
20229	virtual reality	0.8937	-0.3032	1	74	196	35	2018.3714	15	1.7406
20236	virus	-0.4474	0.4401	7	34	87	21	2017.1429	8	1.5309
20254	visual analogue scale	-0.663	-0.3968	5	95	273	40	2015	44.55	1.2644
20272	visualization	1.107	-0.3979	1	57	111	21	2018.2381	14.0476	4.1257
20284	vitamin d and neurology	-0.7208	0.4734	2	68	165	27	2015.4074	22.4444	0.9795
20329	vomiting	-0.9398	0.1252	2	73	213	35	2016.5143	14.6286	0.801
20341	vulnerability	0.7181	0.2055	1	142	324	56	2016.9286	24.1429	1.3967
20369	warfarin	-0.8494	0.1335	2	63	165	25	2013.92	41.72	1.0991
20422	web application	1.1002	-0.3327	1	57	127	24	2016.7917	18.5	2.6592
20434	web of science	0.4087	-0.091	1	184	493	97	2018.268	7.701	0.9146
20451	weight gain	-0.4234	0.5676	8	50	98	16	2014.25	26.4375	0.8559
20452	weight loss	-0.3887	0.3287	8	136	434	67	2014.2985	72.9552	1.7693
20466	well being	0.4624	0.3884	3	126	299	50	2016.5	36.08	1.3567
20563	work in process	1.2337	-0.4	1	46	89	17	2016.5294	9.2353	1.0715
20590	workflow	0.9445	-0.3901	1	55	115	24	2018.125	9.7083	1.6609
20595	workforce	0.7482	0.156	1	133	372	60	2016.4333	19.9833	1.3481
20606	workload	0.3226	-0.1488	4	115	236	34	2016.2353	33.4412	1.5102
20625	world wide web	0.959	-0.3535	1	132	439	91	2016.7033	23.1648	0.9698
20637	wrist	-0.752	-0.4733	5	60	140	22	2016	13.1818	0.4175
20671	young adult	-0.3751	0.2265	3	252	859	130	2015.1846	38.8846	1.3183
