41	18068	1
41	21312	3
41	22434	1
41	29686	2
41	41267	1
320	6208	1
320	19869	4
320	19886	2
320	21133	1
320	21439	4
320	23936	1
320	23958	4
320	26639	2
320	52432	2
320	61559	4
320	63250	4
320	63309	3
320	63673	2
1121	1547	2
1121	7179	2
1121	7408	5
1121	7857	1
1121	8513	2
1121	9408	3
1121	10640	3
1121	14385	2
1121	16042	1
1121	28492	1
1121	43226	4
1121	45783	1
1121	55102	1
1278	7408	1
1278	10640	1
1278	44755	1
1278	59674	1
1359	49065	4
1359	57648	1
1448	4943	7
1448	9827	6
1448	12211	6
1448	12736	6
1448	23405	1
1448	29715	6
1448	31145	7
1448	34264	6
1448	36535	6
1448	39851	6
1448	43378	5
1448	49066	7
1448	55283	7
1448	56612	7
1448	58794	7
1448	66588	1
1526	2866	1
1526	10029	7
1526	10204	9
1526	12245	1
1526	14475	9
1526	20124	9
1526	38844	6
1526	41083	5
1526	46491	9
1526	48946	1
1526	53120	3
1526	57020	8
1526	59418	9
1526	63295	6
1526	63505	6
1526	63987	9
1542	14113	4
1542	20023	10
1542	22272	1
1542	29374	10
1542	29378	10
1542	31873	8
1542	37145	6
1542	38094	8
1542	42914	8
1542	45801	8
1542	50839	9
1542	58181	1
1542	60069	8
1542	62633	4
1542	63099	2
1542	63505	2
1542	64256	1
1547	7408	1
1547	8513	1
1547	10640	1
1547	14385	2
1547	14705	1
1547	16042	1
1547	19442	1
1547	28492	2
1547	42247	1
1547	45783	1
1547	49806	1
1547	63431	1
1552	34930	2
1552	35006	2
1552	38326	2
1581	31035	2
1581	35752	4
1675	15891	2
1675	50803	1
1675	54300	2
1727	3955	1
1727	6756	1
1727	11326	2
1727	19869	2
1727	21133	2
1727	23936	1
1727	26639	1
1727	39703	2
1727	45027	1
1727	52436	1
1727	52451	1
1727	56674	2
1727	61308	1
1933	3955	3
1933	7722	2
1933	19862	2
1933	19886	1
1933	21439	1
1933	52432	1
1933	52451	3
1933	63250	1
1989	3955	1
1989	6761	2
1989	11326	1
1989	19886	1
1989	23936	1
1989	25146	1
1989	32667	3
1989	37234	3
1989	41255	3
1989	45027	1
1989	52436	1
1989	61077	3
1989	63250	1
2050	14449	4
2050	20310	3
2050	33560	5
2050	34012	1
2050	62064	1
2050	65336	1
2050	65653	1
2150	12372	5
2150	18511	1
2150	30852	5
2150	33853	5
2150	50064	5
2174	29595	2
2174	50064	1
2357	14705	1
2357	40622	1
2388	16978	1
2388	24244	2
2388	41015	1
2388	45783	1
2520	14385	1
2520	18322	3
2520	30937	3
2520	42824	2
2520	60011	1
2520	60497	1
2520	61069	2
2656	16042	1
2656	16122	1
2656	20310	1
2656	32974	1
2656	42984	5
2656	65653	1
2695	39128	7
2695	54857	8
2831	5615	5
2831	7441	5
2831	30249	5
2831	34164	5
2831	53065	5
2831	58181	5
2831	60484	5
2831	63505	3
2866	10204	3
2866	12245	1
2866	14475	1
2866	20124	1
2866	33737	1
2866	38844	1
2866	41083	1
2866	46491	4
2866	57020	1
2866	59418	3
2866	63295	1
2866	63987	1
2885	8280	2
2885	8391	1
2885	14806	1
2885	15809	1
2885	16978	1
2885	22086	4
2885	24244	1
2885	25715	1
2885	27583	1
2885	30072	1
2885	35312	1
2885	44644	1
2885	48020	1
2885	48135	1
2885	63052	1
2923	37033	1
2923	46628	1
3008	5258	6
3008	6443	6
3008	12245	4
3008	16154	6
3008	16461	6
3008	21004	6
3008	23180	6
3008	23804	6
3008	40624	6
3008	43006	6
3008	53120	6
3008	56026	6
3008	57020	6
3008	57237	5
3008	63984	6
3012	7501	1
3012	34012	1
3012	44157	1
3012	46410	1
3012	49365	1
3012	53467	1
3012	59353	2
3012	65340	1
3092	36849	1
3423	8391	1
3423	46051	2
3423	50839	2
3423	55365	1
3423	60396	1
3559	5443	1
3559	9895	4
3559	13745	4
3559	20121	2
3559	25684	1
3559	28838	1
3559	37115	2
3559	45758	1
3559	51218	4
3559	65865	2
3864	4949	2
3864	6019	4
3864	7408	1
3864	7499	1
3864	8391	1
3864	8447	1
3864	8513	1
3864	14385	6
3864	14647	1
3864	14705	1
3864	15372	1
3864	16042	1
3864	16426	1
3864	17085	3
3864	18331	1
3864	19442	1
3864	21185	2
3864	27722	1
3864	28298	1
3864	28331	3
3864	28577	5
3864	35204	2
3864	35533	5
3864	36849	3
3864	39880	2
3864	42247	2
3864	42355	1
3864	43223	1
3864	44956	1
3864	48636	7
3864	49675	1
3864	56882	15
3864	60497	3
3864	62898	6
3864	63431	1
3864	63773	6
3864	66093	1
3885	12101	3
3885	17701	2
3885	34985	1
3885	42489	2
3885	53565	1
3897	20824	1
3897	41173	2
3955	7722	2
3955	11326	1
3955	19862	2
3955	19869	1
3955	39703	1
3955	45027	2
3955	52436	3
3955	52451	3
3955	56674	1
4179	4945	3
4179	5540	5
4179	10211	2
4179	11209	2
4179	11717	5
4179	15309	2
4179	16122	7
4179	17172	5
4179	18459	1
4179	19514	2
4179	25876	1
4179	29686	1
4179	30365	1
4179	31434	1
4179	33397	1
4179	37433	3
4179	42600	3
4179	49070	1
4179	54324	4
4179	57648	1
4179	59589	4
4219	14806	1
4219	22086	1
4219	24244	3
4330	21153	1
4330	30930	2
4330	60780	2
4330	64686	1
4342	5971	1
4342	60911	1
4503	18322	1
4503	40645	3
4503	42824	1
4503	48925	2
4503	53298	1
4503	59803	4
4503	60011	2
4768	6066	1
4768	10744	3
4768	31143	3
4768	48995	2
4943	9827	6
4943	12211	6
4943	12736	6
4943	23405	1
4943	29715	6
4943	31145	7
4943	34264	6
4943	36535	6
4943	39851	6
4943	43378	5
4943	49066	7
4943	55283	7
4943	56612	7
4943	58794	7
4943	66588	1
4945	5540	1
4945	11717	2
4945	16122	4
4945	17172	5
4945	19514	1
4945	30144	1
4945	33397	1
4945	36659	3
4945	37433	2
4945	42600	3
4945	49070	2
4945	59589	3
4949	6019	3
4949	8513	1
4949	11759	2
4949	14385	1
4949	14820	1
4949	16042	1
4949	19442	1
4949	21185	4
4949	28577	1
4949	42355	1
4949	46968	1
4949	48159	1
4949	48636	2
4949	56882	1
4949	62898	1
4949	63773	2
5159	5288	3
5159	5471	3
5159	12949	3
5159	13332	3
5159	14711	5
5159	22272	3
5159	23503	3
5159	29319	1
5159	36464	5
5159	36847	1
5159	37382	5
5159	38059	3
5159	38094	3
5159	40576	3
5159	42882	3
5159	53051	4
5159	56127	3
5159	62032	3
5159	63505	2
5159	64256	3
5258	6443	6
5258	12245	4
5258	16154	6
5258	16461	6
5258	21004	6
5258	23180	6
5258	23804	6
5258	40624	6
5258	43006	6
5258	53120	6
5258	56026	6
5258	57020	6
5258	57237	5
5258	63984	6
5288	5471	7
5288	9989	1
5288	12949	3
5288	13332	7
5288	14711	3
5288	14829	1
5288	16956	1
5288	21630	1
5288	22272	5
5288	23503	10
5288	29319	3
5288	31759	1
5288	33596	1
5288	33737	2
5288	34155	2
5288	36464	3
5288	37382	3
5288	37666	2
5288	38059	7
5288	38094	5
5288	39430	1
5288	40576	8
5288	41073	1
5288	42882	10
5288	45787	1
5288	53051	10
5288	56127	10
5288	62032	7
5288	63505	1
5288	64256	10
5426	5452	5
5426	28444	4
5426	56169	3
5426	63505	1
5437	23182	2
5437	27035	9
5437	31700	2
5443	9895	1
5443	13745	1
5443	20121	8
5443	25684	7
5443	28838	1
5443	30474	1
5443	31583	1
5443	37115	2
5443	45758	8
5443	51218	1
5443	51590	2
5443	65865	8
5452	28444	4
5452	56169	3
5452	63505	1
5471	9989	1
5471	12949	3
5471	13332	6
5471	14711	3
5471	14829	1
5471	16956	1
5471	21630	1
5471	22272	5
5471	23503	7
5471	29319	1
5471	31759	1
5471	33596	1
5471	33737	3
5471	34155	4
5471	36464	3
5471	37382	3
5471	37666	4
5471	38059	7
5471	38094	5
5471	39430	1
5471	40576	7
5471	41073	1
5471	42882	7
5471	45787	1
5471	53051	7
5471	56127	7
5471	62032	7
5471	64256	7
5533	11879	1
5533	44545	3
5533	48263	2
5533	63050	5
5540	11717	2
5540	15309	2
5540	16122	2
5540	17172	2
5540	37433	1
5540	42600	2
5540	54324	2
5540	59589	2
5615	7441	5
5615	30249	5
5615	34164	4
5615	53065	5
5615	58181	6
5615	60484	7
5615	63505	3
5713	14647	1
5713	37033	5
5874	7270	4
5874	12101	1
5874	17701	1
5874	26554	1
5874	29002	1
5874	30624	1
5874	34985	1
5874	42489	3
5971	46563	1
5971	60911	3
6019	11759	1
6019	14385	1
6019	21185	3
6019	28577	2
6019	34424	1
6019	35204	1
6019	36849	1
6019	42247	1
6019	42355	1
6019	48636	3
6019	56882	3
6019	62898	3
6019	63773	3
6066	11742	1
6066	31143	1
6208	6761	3
6208	19869	1
6208	21133	1
6208	21439	1
6208	25146	1
6208	38445	3
6208	39703	1
6208	41255	2
6208	61559	1
6305	51889	8
6305	54963	8
6305	56180	6
6305	57501	8
6305	58248	3
6443	12245	4
6443	16154	6
6443	16461	6
6443	21004	6
6443	23180	6
6443	23804	6
6443	40624	6
6443	43006	6
6443	53120	6
6443	56026	6
6443	57020	6
6443	57237	5
6443	63984	6
6499	7501	1
6499	14891	1
6499	34012	1
6499	56702	1
6756	11326	1
6756	19869	2
6756	23936	2
6756	29551	5
6756	38240	6
6756	39140	5
6756	63501	6
6756	63673	1
6761	32667	2
6761	37234	2
6761	38445	3
6761	41255	4
6761	47682	1
6761	61077	2
6835	6844	5
6835	12311	2
6835	16604	2
6835	31118	10
6835	33174	3
6835	37179	2
6835	49411	1
6844	11225	3
6844	12311	4
6844	31118	4
6844	33174	6
6844	58854	2
6844	60911	1
6844	62119	1
7114	21250	1
7114	58525	1
7156	14083	19
7156	39020	5
7156	41211	12
7156	47429	5
7156	49259	16
7156	49427	1
7156	58965	6
7156	59253	4
7179	7408	2
7179	9408	2
7179	10640	2
7179	21250	3
7179	25447	3
7179	43226	2
7179	58525	1
7270	11742	1
7270	29002	1
7270	34985	2
7270	41095	1
7270	42489	4
7408	7857	1
7408	8447	1
7408	8513	10
7408	9408	5
7408	10640	6
7408	14385	9
7408	15372	6
7408	16042	1
7408	21063	4
7408	27305	1
7408	36819	1
7408	42185	1
7408	43226	4
7408	44755	2
7408	48636	1
7408	48732	1
7408	55102	6
7408	56788	4
7408	60414	2
7408	63431	1
7441	30249	5
7441	34164	4
7441	53065	5
7441	58181	5
7441	60484	5
7441	63505	3
7499	8447	3
7499	15351	1
7499	16426	1
7499	27722	1
7499	28298	4
7499	36849	7
7499	53377	5
7499	56882	1
7501	11229	1
7501	12050	1
7501	30072	1
7501	34012	5
7501	49149	1
7501	49365	1
7501	56702	2
7694	8926	5
7694	19659	5
7694	25574	5
7694	25985	5
7694	26150	5
7694	48480	5
7694	50205	1
7694	51076	5
7694	54755	5
7694	62654	5
7722	19862	1
7722	19886	1
7722	52451	2
7722	63309	3
7857	8513	1
7857	9408	1
7857	9921	1
7857	14385	1
7857	16978	1
7857	21063	2
7857	24244	1
7857	30072	1
7857	38782	1
7857	43226	1
7857	45783	1
7857	47126	1
7857	49149	1
7857	49806	3
7857	49931	1
7857	53371	1
7857	63431	2
7888	19862	1
7888	47682	2
7888	47719	4
8003	65218	1
8066	41154	1
8066	49806	1
8280	8391	1
8280	15809	2
8280	16978	2
8280	22086	4
8280	24244	1
8280	25715	1
8280	27583	1
8280	35897	1
8280	44797	1
8280	48135	2
8320	22182	3
8391	13530	2
8391	15809	1
8391	16426	1
8391	22086	1
8391	24041	2
8391	24244	1
8391	35533	1
8391	46051	1
8391	48900	2
8391	53377	1
8391	56882	3
8391	60396	1
8411	16511	1
8411	18511	2
8411	35269	1
8411	35877	1
8411	43292	1
8411	46666	2
8447	10268	1
8447	14385	1
8447	16426	1
8447	27722	1
8447	28298	3
8447	36849	3
8447	42185	1
8447	48732	1
8447	53377	2
8447	56882	1
8447	57690	1
8505	36636	1
8505	36849	1
8505	49668	2
8505	60841	2
8513	9408	3
8513	10640	2
8513	11759	1
8513	14385	10
8513	14705	3
8513	14820	1
8513	15372	7
8513	16042	1
8513	16511	1
8513	19442	3
8513	21185	1
8513	35204	1
8513	36819	3
8513	37435	2
8513	42247	2
8513	43226	2
8513	46314	2
8513	48636	1
8513	55102	7
8513	60414	1
8896	11759	3
8896	20690	1
8896	30937	5
8896	61069	6
8926	19659	6
8926	25574	6
8926	25985	5
8926	26150	6
8926	48480	6
8926	51076	6
8926	54755	6
8926	62654	6
9085	16604	6
9085	38560	4
9155	13065	5
9155	20022	5
9155	26149	5
9155	35006	4
9155	38164	5
9155	38504	5
9155	48034	5
9155	54438	5
9408	10640	3
9408	14385	2
9408	15372	1
9408	36819	1
9408	43226	4
9408	55102	1
9483	15972	1
9483	17237	1
9483	19747	3
9483	48583	2
9483	63052	2
9827	12211	6
9827	12736	6
9827	29715	6
9827	31145	6
9827	34264	6
9827	36535	6
9827	39851	6
9827	43378	5
9827	49066	6
9827	55283	6
9827	56612	6
9827	58794	6
9835	14376	1
9835	14385	1
9835	17085	2
9835	28492	1
9835	28750	2
9835	31700	2
9835	39880	2
9835	59104	1
9895	13745	5
9895	20121	2
9895	25684	1
9895	28838	1
9895	37115	2
9895	45758	1
9895	51218	5
9895	65865	2
9921	15809	3
9921	23978	2
9921	27601	2
9921	30072	1
9921	34985	2
9921	38782	2
9921	47126	2
9921	49149	2
9921	49675	1
9921	49806	3
9921	49931	1
9921	51248	1
9921	53371	2
9989	10496	4
9989	13332	1
9989	14829	6
9989	16956	6
9989	21630	6
9989	23503	1
9989	31759	6
9989	33596	5
9989	38059	1
9989	39430	6
9989	40576	1
9989	41073	6
9989	42882	1
9989	45787	3
9989	53051	1
9989	56127	1
9989	62032	1
9989	63099	4
9989	63505	1
9989	64256	1
10029	10204	7
10029	14475	7
10029	20124	7
10029	38844	4
10029	41083	4
10029	46491	8
10029	53120	3
10029	57020	8
10029	59418	8
10029	63295	4
10029	63505	6
10029	63987	8
10127	43223	1
10204	12245	1
10204	14475	9
10204	20124	9
10204	38844	6
10204	41083	5
10204	46491	11
10204	48946	1
10204	53120	3
10204	57020	8
10204	59418	10
10204	63295	6
10204	63505	6
10204	63987	9
10211	30365	1
10268	12754	2
10268	14705	2
10268	17237	1
10268	37985	2
10268	57690	1
10457	14891	2
10457	44157	2
10496	14829	4
10496	16956	4
10496	21630	4
10496	31759	4
10496	33596	4
10496	39430	4
10496	41073	4
10496	45787	1
10496	63099	4
10496	63505	3
10640	14385	2
10640	15372	1
10640	16042	1
10640	43226	2
10640	44755	2
10640	55102	1
10640	59674	1
10652	65746	1
10744	13530	1
10744	24041	2
10744	31143	1
10744	44956	1
10744	48995	2
10744	56882	1
11209	11229	3
11209	12162	1
11209	39128	1
11209	39880	1
11209	57648	2
11225	58854	4
11225	62119	1
11225	62124	1
11229	20310	1
11229	34012	2
11229	49365	3
11229	55069	2
11229	57648	3
11229	59353	3
11326	19869	1
11326	21133	1
11326	23936	1
11326	45027	1
11326	52436	1
11326	52451	1
11660	53371	1
11717	15309	3
11717	23521	1
11717	30144	2
11717	33397	2
11717	41200	1
11717	49070	3
11717	54324	3
11742	41095	4
11742	60615	1
11759	14385	1
11759	14820	1
11759	16042	1
11759	19442	1
11759	21185	2
11759	30937	4
11759	59516	1
11759	61069	3
11772	30198	1
11879	63050	3
12050	34012	1
12062	12745	1
12062	37033	1
12062	43223	1
12062	66093	4
12086	17523	5
12086	33278	3
12086	39759	5
12086	49427	3
12101	14385	1
12101	17701	2
12101	26554	1
12101	29002	1
12101	34985	1
12101	36579	1
12101	37244	1
12101	37385	2
12101	42489	2
12101	50179	1
12101	51248	1
12101	53565	1
12101	57039	1
12162	26882	4
12162	31012	3
12162	39128	1
12162	39880	1
12211	12736	6
12211	29715	6
12211	31145	6
12211	34264	6
12211	36535	6
12211	39851	6
12211	43378	5
12211	49066	6
12211	55283	6
12211	56612	6
12211	58794	6
12245	14475	1
12245	16154	4
12245	16461	4
12245	20124	1
12245	21004	4
12245	23180	4
12245	23804	4
12245	38844	1
12245	40624	4
12245	41083	1
12245	43006	4
12245	46491	1
12245	53120	4
12245	56026	4
12245	57020	5
12245	57237	4
12245	59418	1
12245	63295	1
12245	63984	4
12245	63987	1
12311	31118	2
12311	33174	3
12372	30852	5
12372	33853	5
12372	50064	5
12440	19038	3
12440	30120	1
12440	31434	1
12440	40393	2
12488	29861	4
12488	34066	2
12679	22182	1
12679	51133	1
12726	14053	1
12726	17084	3
12726	18553	3
12726	27887	3
12726	29730	3
12726	32489	2
12726	36849	2
12726	42697	1
12726	53377	2
12726	59803	1
12726	61069	1
12726	61580	1
12736	29715	6
12736	31145	6
12736	34264	6
12736	36535	6
12736	39851	6
12736	43378	5
12736	49066	6
12736	55283	6
12736	56612	6
12736	58794	6
12743	64245	3
12745	62029	1
12745	66093	3
12754	14705	4
12754	37985	3
12754	53179	1
12926	14385	3
12926	14806	1
12926	16042	2
12926	22086	1
12926	24244	1
12926	28331	2
12926	30072	2
12926	30619	2
12926	35204	1
12926	42247	1
12926	44157	2
12926	48020	2
12926	48732	1
12926	60013	1
12949	13332	3
12949	14711	3
12949	21532	1
12949	22272	4
12949	23503	3
12949	36464	3
12949	37382	3
12949	38059	3
12949	38094	3
12949	40576	3
12949	42882	3
12949	53051	4
12949	56127	3
12949	62032	3
12949	63505	1
12949	64256	3
13065	20022	5
13065	26149	5
13065	35006	4
13065	38164	3
13065	38504	5
13065	48034	5
13065	54438	5
13332	14711	3
13332	14829	1
13332	16956	1
13332	21630	1
13332	22272	3
13332	23503	7
13332	31759	1
13332	33596	1
13332	33737	2
13332	34155	2
13332	36464	3
13332	37382	3
13332	37666	2
13332	38059	6
13332	38094	5
13332	39430	1
13332	40576	6
13332	41073	2
13332	42882	7
13332	45787	1
13332	53051	7
13332	56127	7
13332	62032	6
13332	64256	7
13530	19515	1
13530	24041	3
13530	27722	1
13530	48900	2
13530	56882	3
13745	20121	3
13745	25684	1
13745	28838	2
13745	37115	3
13745	45758	1
13745	51218	5
13745	52003	1
13745	65865	3
13747	18331	2
13948	19710	1
13948	28007	3
13948	34561	2
13948	45315	1
13948	46813	2
13948	47688	4
14053	16034	2
14053	17084	1
14053	18553	1
14053	21250	1
14053	61580	1
14083	39020	3
14083	41211	11
14083	47429	5
14083	49259	16
14083	49427	1
14083	58965	6
14083	59253	5
14113	20023	5
14113	22272	1
14113	29374	4
14113	29378	5
14113	31873	4
14113	37145	3
14113	38094	4
14113	42914	4
14113	45801	5
14113	50839	5
14113	58181	1
14113	60069	3
14113	62633	1
14198	42221	3
14376	31700	1
14376	41535	2
14385	14705	2
14385	14820	1
14385	15372	6
14385	16042	6
14385	17085	2
14385	18322	1
14385	19442	3
14385	21063	1
14385	21185	1
14385	24856	1
14385	28331	5
14385	28492	3
14385	28577	1
14385	28750	2
14385	29192	1
14385	29599	1
14385	30072	2
14385	30619	2
14385	30937	1
14385	32489	1
14385	33411	1
14385	33518	1
14385	34985	1
14385	35204	5
14385	36295	1
14385	36819	2
14385	36849	2
14385	36880	1
14385	37435	1
14385	39880	4
14385	42185	1
14385	42247	4
14385	42489	1
14385	43226	1
14385	44157	2
14385	44755	1
14385	46314	1
14385	48020	2
14385	48636	1
14385	48732	2
14385	48925	1
14385	49806	1
14385	55102	6
14385	56788	1
14385	56882	1
14385	57860	1
14385	60011	1
14385	60414	1
14385	60497	3
14385	62898	1
14385	63773	1
14385	66588	1
14449	20310	1
14449	33560	4
14449	62064	1
14475	20124	9
14475	38844	6
14475	41083	5
14475	46491	9
14475	48946	1
14475	53120	3
14475	57020	8
14475	59418	9
14475	63295	6
14475	63505	6
14475	63987	9
14647	36849	1
14647	37033	1
14705	17085	1
14705	21063	2
14705	22257	1
14705	28331	1
14705	28492	1
14705	36819	2
14705	37435	2
14705	37985	2
14705	39420	1
14705	39435	2
14705	39880	2
14705	46314	1
14705	49975	1
14705	60497	1
14711	22272	3
14711	23503	3
14711	29319	1
14711	36464	5
14711	36847	1
14711	37382	5
14711	38059	3
14711	38094	3
14711	40576	3
14711	42882	3
14711	53051	4
14711	56127	3
14711	62032	3
14711	63505	2
14711	64256	3
14806	22086	3
14806	24244	1
14806	28492	1
14806	30072	1
14806	35691	1
14806	41015	1
14806	42973	1
14806	44644	1
14806	48020	1
14806	50803	1
14806	63052	2
14820	16042	1
14820	19442	1
14820	21185	1
14820	30287	1
14820	31583	1
14820	42221	2
14820	50011	1
14820	51133	1
14820	59703	1
14820	64223	1
14820	66181	1
14829	16956	6
14829	21630	6
14829	23503	1
14829	31759	6
14829	33596	5
14829	38059	1
14829	39430	6
14829	40576	1
14829	41073	6
14829	42882	1
14829	45787	3
14829	53051	1
14829	56127	1
14829	62032	1
14829	63099	6
14829	63505	1
14829	64256	1
14891	44157	2
14891	56702	1
15156	30843	1
15156	49931	1
15156	51248	2
15309	17172	1
15309	23521	1
15309	25876	1
15309	30120	1
15309	30144	1
15309	33397	1
15309	41200	2
15309	49070	1
15309	54324	2
15351	19515	2
15351	27722	1
15351	36849	1
15372	27035	1
15372	35204	1
15372	36819	1
15372	48636	1
15372	55102	5
15533	17701	1
15533	45764	1
15533	53957	1
15809	22086	2
15809	23978	1
15809	24244	1
15809	27601	1
15809	34985	2
15809	35897	1
15809	44797	1
15809	49806	1
15891	42437	5
16042	19442	2
16042	20310	1
16042	21185	2
16042	27188	1
16042	28331	3
16042	30072	2
16042	30357	1
16042	30619	2
16042	31700	1
16042	35204	1
16042	39880	1
16042	42247	1
16042	44157	4
16042	48020	2
16042	48732	1
16042	49149	1
16042	52600	1
16042	65340	1
16042	65653	1
16122	17172	5
16122	19514	1
16122	37433	3
16122	42600	3
16122	42984	1
16122	54324	1
16122	59589	4
16154	16461	7
16154	21004	6
16154	23180	6
16154	23804	6
16154	40624	6
16154	43006	6
16154	53120	6
16154	56026	6
16154	57020	6
16154	57237	5
16154	63984	6
16167	17701	4
16426	27722	1
16426	28298	1
16426	36849	2
16426	48900	1
16426	56882	1
16426	60841	1
16426	65336	1
16461	21004	6
16461	23180	6
16461	23804	6
16461	40624	6
16461	43006	6
16461	53120	6
16461	56026	6
16461	57020	6
16461	57237	5
16461	63984	6
16467	18068	2
16467	21312	4
16467	21382	1
16467	22434	2
16467	29686	2
16467	64055	3
16511	18511	1
16511	19442	1
16511	34424	3
16511	35269	1
16511	42247	1
16511	43292	1
16604	31118	2
16604	38560	5
16639	42550	7
16639	45321	3
16956	21630	6
16956	23503	1
16956	31759	7
16956	33596	6
16956	38059	1
16956	39430	6
16956	40576	1
16956	41073	6
16956	42882	1
16956	45787	3
16956	53051	1
16956	56127	1
16956	62032	1
16956	63099	4
16956	63505	1
16956	64256	1
16978	18331	2
16978	18459	1
16978	21063	1
16978	22086	2
16978	24244	5
16978	25715	1
16978	27583	1
16978	27601	1
16978	30066	1
16978	45783	1
16978	48135	2
16978	49806	2
17084	18553	4
17084	20690	1
17084	21250	1
17084	27887	3
17084	29730	3
17084	30184	1
17084	32489	3
17084	36849	2
17084	42697	2
17084	53377	2
17084	59803	1
17084	61069	2
17084	61580	1
17085	28331	1
17085	28492	1
17085	28577	2
17085	28750	2
17085	35533	2
17085	39880	3
17085	44956	1
17085	56882	2
17085	60497	2
17085	63431	1
17172	19514	2
17172	25876	1
17172	36659	4
17172	37433	3
17172	42600	6
17172	59589	7
17237	19561	5
17237	19747	1
17237	53862	6
17237	59703	2
17523	18008	1
17523	30675	3
17523	33278	7
17523	39759	5
17523	45214	1
17523	45790	1
17701	26554	1
17701	45764	1
17701	53957	1
17950	18351	8
17950	20684	8
17950	25896	8
17950	26554	8
17950	35990	8
17950	36579	8
17950	39892	9
17950	48995	8
17950	50179	7
17950	56205	9
17950	57039	8
18008	33278	5
18008	45790	5
18068	21312	3
18068	22434	3
18068	29686	3
18068	41267	1
18309	25273	5
18309	37244	1
18309	55634	6
18322	20690	3
18322	30937	5
18322	40645	1
18322	42824	4
18322	48925	1
18322	53298	1
18322	60011	2
18322	60497	1
18322	61069	4
18331	24244	1
18331	30066	1
18331	48636	1
18331	56882	1
18331	62898	1
18331	63773	1
18351	20684	8
18351	25896	8
18351	26554	8
18351	35990	8
18351	36579	8
18351	39892	8
18351	48995	8
18351	50179	7
18351	56205	9
18351	57039	8
18459	41154	1
18459	43773	1
18459	49806	1
18459	59674	1
18511	30072	2
18511	35269	1
18511	43292	1
18511	46666	1
18553	21250	1
18553	27887	3
18553	29730	3
18553	32489	2
18553	36849	2
18553	42697	1
18553	53377	2
18553	59803	1
18553	61069	1
18553	61580	1
19006	22509	4
19006	28925	4
19006	36720	5
19006	50639	1
19006	66474	5
19442	21185	1
19442	28331	1
19442	35204	1
19442	39880	1
19442	42247	3
19491	46634	1
19491	62388	1
19491	63245	1
19514	30144	2
19514	37433	1
19514	41200	2
19514	49070	1
19514	54324	3
19515	27722	2
19515	56882	1
19561	53862	4
19659	25574	6
19659	25985	5
19659	26150	6
19659	48480	6
19659	51076	6
19659	54755	6
19659	62654	6
19710	44797	1
19710	46813	2
19710	47688	3
19747	48583	2
19747	63052	2
19862	23936	1
19862	23958	1
19862	25146	2
19862	28992	1
19862	47719	1
19862	52432	1
19862	52451	2
19862	63250	1
19869	21133	1
19869	21439	4
19869	23936	4
19869	23958	3
19869	26639	3
19869	39703	1
19869	45027	1
19869	52436	1
19869	56674	2
19869	61559	4
19869	63250	3
19869	63309	3
19869	63673	3
19886	21439	1
19886	23936	1
19886	23958	1
19886	25146	1
19886	28992	1
19886	50548	2
19886	52432	6
19886	52436	1
19886	63250	3
19886	63309	1
20022	26149	5
20022	35006	4
20022	38164	3
20022	38504	5
20022	48034	5
20022	54438	5
20023	22272	1
20023	29374	10
20023	29378	11
20023	31873	8
20023	37145	6
20023	38094	8
20023	42914	8
20023	45801	9
20023	50839	10
20023	58181	1
20023	60069	8
20023	62633	5
20023	63099	2
20023	63505	2
20023	64256	1
20121	25684	7
20121	28838	3
20121	30474	2
20121	37115	4
20121	45758	8
20121	51218	2
20121	51590	2
20121	52003	3
20121	58525	2
20121	65865	10
20124	38844	6
20124	41083	5
20124	46491	9
20124	48946	1
20124	53120	3
20124	57020	8
20124	59418	9
20124	63295	6
20124	63505	6
20124	63987	9
20310	29192	1
20310	30619	1
20310	33518	1
20310	33560	1
20310	34012	1
20310	37163	1
20310	52600	1
20310	59285	1
20310	62064	2
20310	65218	1
20310	65340	1
20310	65653	2
20593	25715	1
20593	64503	1
20684	25896	8
20684	26554	8
20684	35990	8
20684	36579	8
20684	39892	8
20684	48995	8
20684	50179	7
20684	56205	8
20684	57039	8
20690	30184	1
20690	32489	1
20690	42697	1
20690	61069	4
20824	41173	3
20824	42973	1
21004	23180	6
21004	23804	6
21004	40624	6
21004	43006	6
21004	53120	6
21004	56026	6
21004	57020	6
21004	57237	5
21004	63984	6
21025	41153	1
21025	50205	1
21025	57648	1
21025	62119	4
21025	62124	1
21063	22086	1
21063	24244	1
21063	27305	1
21063	27601	1
21063	28750	1
21063	45783	1
21063	49806	4
21063	53371	1
21063	56788	4
21063	60414	2
21063	63431	3
21082	27188	1
21082	30287	1
21082	31583	1
21082	42355	1
21133	21439	1
21133	52451	1
21133	56674	3
21133	61308	1
21133	61559	1
21153	30930	3
21153	64686	1
21185	28577	1
21185	42355	4
21185	48636	2
21185	56882	1
21185	59674	3
21185	62898	1
21185	63773	2
21250	25447	5
21250	58525	2
21312	21382	1
21312	22434	4
21312	29686	4
21312	41267	2
21361	24143	1
21382	22434	3
21382	65653	1
21439	23936	1
21439	23958	3
21439	26639	2
21439	52432	1
21439	61559	4
21439	63250	6
21439	63309	3
21439	63673	4
21532	29319	2
21532	36847	2
21532	53051	1
21532	58248	1
21532	63505	3
21582	40622	2
21582	50181	2
21582	50205	4
21582	50730	2
21630	23503	1
21630	31759	6
21630	33596	5
21630	38059	1
21630	39430	6
21630	40576	1
21630	41073	6
21630	42882	1
21630	45787	3
21630	53051	1
21630	56127	1
21630	62032	1
21630	63099	4
21630	63505	1
21630	64256	1
21882	53943	2
22086	24244	4
22086	25715	1
22086	27583	1
22086	28750	1
22086	30072	1
22086	30624	1
22086	35220	1
22086	35897	1
22086	36295	1
22086	44644	2
22086	44797	3
22086	45783	1
22086	48020	2
22086	48135	2
22086	49806	1
22086	50803	1
22086	51248	1
22086	52003	1
22086	60013	1
22086	63052	3
22086	63431	1
22182	58138	1
22257	39420	5
22257	39435	9
22257	39483	5
22257	49975	5
22272	23503	5
22272	29319	2
22272	29374	1
22272	29378	1
22272	31873	1
22272	33737	1
22272	34155	1
22272	36464	3
22272	36636	2
22272	37382	3
22272	37666	1
22272	38059	4
22272	38094	4
22272	40576	5
22272	42882	5
22272	42914	1
22272	45801	1
22272	50839	1
22272	53051	5
22272	56127	5
22272	62032	4
22272	63505	1
22272	64256	5
22434	29686	4
22509	28925	3
22509	31861	1
22509	36720	4
22509	50639	1
22509	66474	4
22579	35734	4
22579	35897	5
22579	66161	4
23180	23804	6
23180	40624	6
23180	43006	6
23180	53120	6
23180	56026	6
23180	57020	6
23180	57237	5
23180	63984	6
23182	27035	2
23182	31700	5
23405	31145	1
23405	49066	1
23405	55283	1
23405	56612	2
23405	58794	1
23405	66588	1
23503	29319	3
23503	31759	1
23503	33596	1
23503	33737	2
23503	34155	2
23503	36464	3
23503	37382	3
23503	37666	2
23503	38059	7
23503	38094	5
23503	39430	1
23503	40576	8
23503	41073	1
23503	42882	10
23503	45787	1
23503	53051	10
23503	56127	10
23503	62032	7
23503	63505	1
23503	64256	10
23521	25794	1
23521	25876	2
23521	30144	1
23521	33397	1
23521	36659	1
23521	49070	1
23521	59589	1
23531	31270	1
23531	39020	1
23531	45154	5
23804	40624	6
23804	43006	6
23804	53120	6
23804	56026	6
23804	57020	6
23804	57237	5
23804	63984	6
23817	23846	1
23817	36857	1
23817	61778	1
23818	37179	1
23818	43044	1
23846	36857	4
23846	56702	1
23936	23958	1
23936	25146	2
23936	26639	2
23936	32406	1
23936	50548	1
23936	52432	1
23936	56674	1
23936	61559	1
23936	63250	3
23936	63309	1
23936	63673	2
23958	25146	1
23958	26639	2
23958	28992	1
23958	52432	1
23958	61559	3
23958	63250	4
23958	63309	3
23958	63673	2
23978	34985	3
23978	42489	1
23978	63052	1
24041	36849	1
24041	53377	1
24041	56882	3
24143	29992	1
24143	32974	2
24143	41154	3
24244	25715	1
24244	27601	1
24244	28492	1
24244	30066	1
24244	30624	1
24244	35302	1
24244	45783	4
24244	48135	1
24244	49806	2
24244	50803	1
24244	52003	1
24244	53943	1
24244	57589	1
24244	59674	1
24244	60013	1
24244	65775	1
24319	24586	1
24319	29192	1
24319	33518	2
24319	36295	2
24319	45321	1
24319	65218	1
24856	28492	2
24856	30066	1
24856	35688	1
24856	42973	1
24856	43372	1
24856	48946	1
24856	50803	1
24856	60414	1
25146	28992	3
25146	39703	1
25146	52432	2
25146	52436	1
25146	63250	2
25273	37244	1
25273	55634	9
25273	60626	4
25447	58525	1
25574	25985	5
25574	26150	6
25574	48480	6
25574	51076	6
25574	54755	6
25574	62654	6
25684	28838	1
25684	30474	1
25684	37115	2
25684	45758	7
25684	51218	1
25684	51590	1
25684	65865	7
25715	27583	1
25715	27670	2
25715	48135	4
25715	50803	1
25715	64503	4
25715	65775	1
25794	29857	1
25794	30144	1
25876	30365	1
25876	49070	2
25896	26554	8
25896	35990	9
25896	36579	9
25896	39892	8
25896	48995	8
25896	50179	8
25896	56205	8
25896	57039	8
25985	26150	5
25985	48480	5
25985	51076	5
25985	54755	5
25985	62654	5
26116	31035	2
26149	35006	4
26149	38164	3
26149	38504	5
26149	48034	5
26149	54438	5
26150	48480	6
26150	51076	6
26150	54755	6
26150	62654	6
26498	45368	5
26498	49998	7
26498	63156	2
26554	35990	8
26554	36579	8
26554	39892	8
26554	48995	8
26554	50179	7
26554	56205	8
26554	57039	8
26639	56674	1
26639	61559	2
26639	63250	2
26639	63309	2
26639	63673	1
26882	31012	4
27035	31700	2
27188	44157	1
27188	49149	1
27305	33869	1
27305	56788	1
27305	60414	1
27305	63431	1
27583	44797	2
27583	48135	1
27601	38782	1
27601	47126	2
27601	49149	2
27601	49675	2
27601	49806	5
27601	51248	2
27601	53371	3
27670	48135	1
27670	56702	1
27670	64503	2
27722	28298	1
27722	36849	1
27722	46051	2
27722	55365	2
27722	56180	1
27722	56882	3
27722	60396	1
27887	29730	4
27887	32489	3
27887	36849	3
27887	40393	2
27887	42697	1
27887	53377	2
27887	53565	1
27887	59803	1
27887	60011	1
27887	61069	1
27887	61580	1
28007	34561	1
28007	45315	3
28007	46813	3
28007	47688	3
28298	36849	4
28298	53377	3
28298	56882	1
28331	30072	2
28331	30619	2
28331	35204	1
28331	39880	2
28331	42247	1
28331	44157	2
28331	48020	2
28331	60497	1
28444	56169	3
28444	63505	1
28492	28750	1
28492	30066	1
28492	33411	1
28492	35533	1
28492	39880	1
28492	44956	1
28492	45783	3
28492	56882	1
28492	59703	1
28492	60414	1
28577	35204	1
28577	35533	2
28577	36849	1
28577	42247	1
28577	44956	1
28577	48636	3
28577	56882	5
28577	60497	1
28577	62898	2
28577	63431	1
28577	63773	2
28750	33411	1
28750	39880	3
28750	44755	1
28750	49806	2
28750	63431	1
28838	37115	2
28838	45758	1
28838	51218	1
28838	52003	1
28838	65865	3
28850	29192	2
28850	37163	1
28850	65102	1
28925	36720	5
28925	50639	2
28925	66474	4
28972	65218	1
28992	52432	4
28992	52436	1
29002	53565	1
29002	54300	1
29002	57039	1
29127	36295	1
29192	31865	2
29192	33518	6
29192	36295	2
29192	37163	4
29192	45321	2
29192	65218	2
29192	65746	1
29319	33737	3
29319	34155	3
29319	36464	1
29319	36847	2
29319	37382	1
29319	38059	1
29319	40576	2
29319	42882	3
29319	53051	4
29319	56127	3
29319	62032	1
29319	63505	4
29319	64256	3
29374	29378	10
29374	31873	8
29374	37145	6
29374	38094	8
29374	42914	8
29374	45801	8
29374	50839	9
29374	58181	1
29374	60069	8
29374	62633	4
29374	63099	2
29374	63505	2
29374	64256	1
29378	31873	8
29378	37145	6
29378	38094	8
29378	42914	8
29378	45801	9
29378	50839	10
29378	58181	1
29378	60069	8
29378	62633	4
29378	63099	2
29378	63505	2
29378	64256	1
29551	38240	5
29551	39140	5
29551	63501	5
29595	57860	1
29599	32489	1
29599	61069	1
29715	31145	6
29715	34264	6
29715	36535	6
29715	39851	6
29715	43378	5
29715	49066	6
29715	55283	6
29715	56612	6
29715	58794	6
29730	32489	3
29730	36849	3
29730	42697	1
29730	53377	2
29730	53565	1
29730	59803	1
29730	60011	1
29730	61069	1
29730	61580	1
29768	39060	1
29857	41200	1
29861	34066	3
30066	60414	1
30072	30619	2
30072	37324	1
30072	38326	1
30072	38782	1
30072	44157	2
30072	44644	1
30072	45231	2
30072	47126	1
30072	48020	3
30072	48365	2
30072	48732	2
30072	49149	1
30072	49806	1
30072	49931	1
30072	53371	1
30072	63052	1
30120	30144	2
30120	31434	1
30120	41200	2
30120	48932	2
30144	41200	5
30144	48932	1
30144	49070	1
30144	54324	3
30144	61285	1
30184	32489	1
30184	42697	1
30184	61069	1
30184	61609	2
30198	42984	1
30198	57690	1
30198	59285	2
30198	62064	3
30249	34164	4
30249	53065	5
30249	58181	5
30249	60484	5
30249	63505	3
30287	31583	2
30287	42355	3
30287	48932	1
30287	49411	2
30287	49675	2
30287	50011	1
30287	59104	1
30287	64223	2
30357	65336	3
30357	66181	4
30365	49070	1
30474	39060	1
30474	45758	1
30474	52003	1
30474	65865	1
30619	34012	1
30619	44157	2
30619	46867	5
30619	48020	2
30619	48732	1
30619	49411	4
30619	59104	1
30619	59285	1
30619	64088	3
30624	45783	1
30624	52003	1
30675	33278	7
30843	34930	1
30843	43773	1
30843	60478	1
30852	33853	5
30852	50064	5
30930	64686	1
30937	42824	3
30937	60011	1
30937	60497	1
30937	61069	8
31035	33934	1
31035	35752	4
31118	33174	2
31118	37179	2
31118	49411	1
31143	43773	1
31143	48995	1
31145	34264	6
31145	36535	6
31145	39851	6
31145	43378	5
31145	49066	7
31145	55283	7
31145	56612	7
31145	58794	7
31145	66588	1
31270	44157	1
31270	44261	1
31270	45154	1
31270	65616	1
31434	57648	1
31583	50011	1
31583	64223	1
31700	44157	1
31700	59104	1
31759	33596	6
31759	38059	1
31759	39430	6
31759	40576	1
31759	41073	7
31759	42882	1
31759	45787	6
31759	53051	1
31759	56127	1
31759	62032	1
31759	63099	4
31759	63505	1
31759	64256	1
31865	33518	1
31873	37145	6
31873	38094	7
31873	42437	1
31873	42914	8
31873	42973	1
31873	45801	8
31873	50839	7
31873	58181	1
31873	60069	6
31873	62633	2
31873	63505	2
31873	64256	1
31960	49639	1
31960	55809	1
32406	50548	5
32471	37385	1
32489	36849	3
32489	42697	1
32489	53377	2
32489	53565	2
32489	59803	1
32489	60011	2
32489	60013	2
32489	61069	1
32489	61580	2
32489	64245	1
32667	37234	3
32667	41255	3
32667	45027	3
32667	56674	2
32667	61077	3
32667	61308	2
32682	51590	2
32974	41154	3
32974	58138	1
32974	59285	3
32974	65653	2
33278	39759	3
33278	45790	5
33397	49070	1
33411	39880	1
33411	44755	1
33518	36295	7
33518	37163	2
33518	45321	1
33518	65218	3
33560	62064	1
33596	38059	1
33596	39430	5
33596	40576	1
33596	41073	5
33596	42882	1
33596	45787	2
33596	53051	1
33596	56127	1
33596	62032	1
33596	63099	4
33596	63505	1
33596	64256	1
33737	34155	7
33737	37666	4
33737	38059	2
33737	38094	2
33737	40576	2
33737	42882	2
33737	53051	2
33737	56127	2
33737	59418	1
33737	62032	2
33737	64256	2
33853	50064	5
33934	63050	2
34012	49149	2
34012	49365	4
34012	56702	3
34012	59353	1
34066	53925	1
34155	37666	4
34155	38059	2
34155	38094	2
34155	40576	2
34155	42882	2
34155	53051	2
34155	56127	2
34155	62032	2
34155	64256	2
34164	53065	4
34164	58181	4
34164	60484	4
34164	63505	2
34264	36535	6
34264	39851	6
34264	43378	5
34264	49066	6
34264	55283	6
34264	56612	6
34264	58794	6
34316	49675	1
34561	44797	1
34561	45315	1
34561	46813	1
34561	47688	2
34930	38326	2
34930	47126	1
34985	42489	3
34985	51248	1
34985	63052	1
35006	38164	3
35006	38504	4
35006	48034	4
35006	54438	4
35123	58977	5
35123	65461	5
35204	36849	1
35204	39880	1
35204	42247	3
35204	48636	1
35204	48732	1
35204	56882	1
35204	62898	1
35204	63773	1
35220	38413	3
35220	44644	2
35220	63052	2
35220	66293	2
35269	43292	1
35302	53943	3
35302	57589	4
35312	35897	5
35312	38289	5
35312	66161	1
35533	44956	3
35533	49675	1
35533	56882	7
35533	60497	1
35533	63431	1
35688	42973	1
35688	43372	3
35688	48946	1
35688	61413	2
35734	35897	9
35734	66161	4
35877	46666	4
35897	38289	5
35897	44797	2
35897	57036	1
35897	66161	7
35990	36579	9
35990	39892	8
35990	48995	8
35990	50179	8
35990	56205	8
35990	57039	8
36254	37475	1
36254	65102	1
36295	45321	1
36295	65218	2
36464	36847	1
36464	37382	5
36464	38059	3
36464	38094	3
36464	40576	3
36464	42882	3
36464	53051	4
36464	56127	3
36464	62032	3
36464	63505	2
36464	64256	3
36535	39851	6
36535	43378	5
36535	49066	6
36535	55283	6
36535	56612	6
36535	58794	6
36579	39892	8
36579	48995	8
36579	50179	9
36579	56205	8
36579	57039	8
36659	42600	3
36659	59589	5
36720	50639	2
36720	66474	5
36819	37435	3
36819	46314	2
36819	55102	2
36847	37382	1
36847	53120	2
36847	63505	3
36847	63987	2
36849	36880	1
36849	42247	1
36849	48636	1
36849	53377	10
36849	53565	1
36849	56882	2
36849	59803	1
36849	60011	1
36849	60841	2
36849	61580	1
36849	62898	1
36849	63773	1
36849	66588	1
36857	56702	1
36880	66588	1
37033	46628	1
37033	66093	1
37115	45758	2
37115	51218	2
37115	52003	1
37115	65865	4
37145	38094	6
37145	42914	6
37145	45801	6
37145	50839	5
37145	58181	1
37145	60069	6
37145	62633	2
37145	63505	2
37145	64256	1
37163	45321	1
37163	65218	1
37179	49411	1
37234	41255	3
37234	61077	4
37234	65845	2
37244	37385	1
37244	51248	1
37244	55634	2
37324	38782	1
37324	42489	1
37324	48732	1
37348	42221	2
37382	38059	3
37382	38094	3
37382	40576	3
37382	42882	3
37382	53051	4
37382	56127	3
37382	62032	3
37382	63505	2
37382	64256	3
37385	51248	1
37433	54324	1
37433	59589	1
37435	46314	2
37435	55102	1
37475	50639	1
37475	65102	1
37475	65454	1
37559	52003	2
37666	38059	2
37666	38094	2
37666	40576	2
37666	42882	2
37666	53051	2
37666	56127	2
37666	62032	2
37666	64256	2
37746	64503	1
37985	53179	1
38059	38094	5
38059	39430	1
38059	40576	7
38059	41073	1
38059	42882	7
38059	45787	1
38059	53051	7
38059	56127	7
38059	62032	7
38059	64256	7
38094	40576	5
38094	42882	5
38094	42914	7
38094	45801	7
38094	50839	7
38094	53051	5
38094	56127	5
38094	58181	1
38094	60069	7
38094	62032	5
38094	62633	3
38094	63099	1
38094	63505	2
38094	64256	6
38164	38504	3
38164	48034	3
38164	54438	3
38240	39140	5
38240	63501	6
38289	66161	1
38326	49806	1
38413	41462	1
38413	44545	1
38413	48263	1
38413	48583	1
38413	49998	1
38413	52003	2
38413	53565	1
38413	63052	3
38413	66293	3
38445	41255	2
38445	45027	1
38504	48034	5
38504	54438	5
38782	42489	2
38782	47126	2
38782	49149	2
38782	49675	1
38782	49806	2
38782	49931	1
38782	51248	2
38782	53371	2
38844	41083	2
38844	46491	6
38844	48946	1
38844	53120	3
38844	57020	5
38844	59418	6
38844	63295	6
38844	63505	3
38844	63987	6
39020	41211	5
39020	47429	1
39020	49259	2
39020	58965	3
39128	39880	1
39128	54857	8
39140	61580	2
39140	63501	5
39420	39435	5
39420	39483	3
39420	49975	4
39430	40576	1
39430	41073	6
39430	42882	1
39430	45787	3
39430	53051	1
39430	56127	1
39430	62032	1
39430	63099	4
39430	63505	1
39430	64256	1
39435	39483	5
39435	49975	5
39483	49975	3
39703	45027	2
39703	52436	1
39703	56674	5
39851	43378	5
39851	49066	6
39851	55283	6
39851	56612	6
39851	58794	6
39880	42247	1
39880	44755	1
39880	60497	1
39892	48995	8
39892	50179	7
39892	56205	9
39892	57039	8
40576	41073	1
40576	42882	8
40576	45787	1
40576	53051	9
40576	56127	8
40576	62032	7
40576	63505	1
40576	64256	8
40622	50181	2
40622	50205	3
40622	50730	2
40624	43006	6
40624	53120	6
40624	56026	6
40624	57020	6
40624	57237	5
40624	63984	6
40645	42824	1
40645	48925	5
40645	53298	4
40645	55058	3
40645	59803	2
40645	60011	3
40645	66293	1
41073	42882	1
41073	45787	4
41073	53051	1
41073	56127	1
41073	62032	1
41073	63099	4
41073	63505	1
41073	64256	1
41083	46491	5
41083	57020	5
41083	59418	5
41083	63295	2
41083	63505	4
41083	63987	5
41095	60615	1
41153	57648	3
41154	42437	1
41154	49806	2
41154	57690	1
41173	42973	2
41200	49065	1
41200	54324	4
41211	47429	2
41211	49259	8
41211	58965	6
41211	59253	5
41255	61077	3
41763	49668	1
42185	48732	3
42221	59703	1
42247	48636	1
42247	48732	1
42247	56882	1
42247	62898	1
42247	63773	1
42355	48636	1
42355	49411	1
42355	49675	2
42355	59674	3
42355	63773	1
42437	42973	1
42600	59589	6
42697	61069	2
42824	48925	1
42824	53298	1
42824	60011	1
42824	61069	2
42882	45787	1
42882	53051	10
42882	56127	10
42882	62032	7
42882	63505	1
42882	64256	10
42914	45801	8
42914	50839	7
42914	58181	1
42914	60069	6
42914	62633	2
42914	63505	2
42914	64256	1
42973	43372	1
42973	48946	1
42973	64686	1
43006	53120	6
43006	56026	6
43006	57020	6
43006	57237	5
43006	63984	6
43044	53562	3
43223	66093	2
43226	55102	1
43372	48946	1
43372	61413	2
43378	49066	5
43378	55283	5
43378	56612	5
43378	58794	5
43773	60478	1
44157	46410	1
44157	48020	2
44157	49149	2
44157	55069	2
44157	65616	1
44261	65616	1
44291	53371	1
44545	48263	5
44545	48583	1
44545	63050	2
44644	48020	1
44644	63052	2
44644	66293	2
44755	59674	1
44797	45315	2
44797	45756	1
44797	47688	2
44797	48020	2
44797	50803	1
44797	54130	1
44797	57036	6
44797	63052	2
44956	45756	1
44956	56882	4
44956	60497	1
44956	63431	1
45027	52436	2
45027	56674	8
45027	61308	4
45027	63673	1
45315	46813	3
45315	47688	3
45315	57036	2
45321	65218	1
45368	49998	5
45368	63156	2
45756	48020	1
45756	50803	7
45756	63052	1
45758	51218	1
45758	51590	2
45758	65865	8
45764	53957	1
45783	49806	1
45783	52003	1
45783	59674	1
45787	53051	1
45787	56026	1
45787	56127	1
45787	62032	1
45787	63099	1
45787	63505	1
45787	64256	1
45801	50839	8
45801	58181	1
45801	60069	6
45801	62633	2
45801	63505	2
45801	64256	1
46051	55365	4
46051	56180	2
46051	60396	3
46314	55102	1
46491	48946	1
46491	53120	3
46491	57020	9
46491	59418	11
46491	63295	6
46491	63505	6
46491	63987	10
46563	60911	1
46628	46634	1
46634	62388	3
46634	63245	4
46813	47688	6
46867	49411	2
46867	59104	1
46968	48159	3
47126	49149	3
47126	49675	2
47126	49806	3
47126	49931	1
47126	51248	2
47126	53371	3
47429	58965	2
47688	57036	1
47688	63146	1
48020	50803	1
48020	63052	3
48034	54438	5
48135	50803	1
48135	64503	1
48135	65775	1
48263	63050	2
48480	51076	6
48480	54755	6
48480	62654	6
48583	63052	3
48583	66293	1
48636	56882	5
48636	62898	4
48636	63773	5
48732	49411	1
48925	53298	4
48925	55058	5
48925	59803	2
48925	60011	2
48932	49411	1
48932	59104	1
48932	61285	1
48932	64223	1
48946	56169	3
48946	59418	1
48946	61413	3
48946	63295	1
48946	63505	3
48946	63987	1
48995	50179	7
48995	56205	8
48995	57039	8
49010	65845	4
49065	57648	1
49066	55283	7
49066	56612	7
49066	58794	7
49066	66588	1
49070	54324	1
49149	49675	2
49149	49806	3
49149	49931	1
49149	51248	2
49149	53371	3
49149	56702	1
49149	58977	1
49149	61077	1
49259	49427	1
49259	58965	4
49259	59253	4
49365	59353	3
49365	65340	1
49411	59104	1
49411	64223	1
49675	49806	2
49675	51248	2
49675	53371	2
49675	56882	1
49806	49931	1
49806	51248	2
49806	53371	4
49806	63431	5
49931	53371	1
49998	52003	1
49998	54130	1
49998	63052	1
49998	63156	5
50011	51133	1
50011	53467	2
50011	64223	1
50179	56205	7
50179	57039	7
50179	57554	1
50181	50205	2
50181	50730	2
50205	50730	5
50205	62119	1
50548	52432	1
50548	52436	1
50639	65454	4
50639	66474	1
50803	63052	1
50803	65775	1
50839	58181	1
50839	60069	7
50839	62633	3
50839	63099	2
50839	63505	1
50839	64256	1
51076	54755	6
51076	62654	6
51218	65865	2
51248	53371	2
51590	65865	2
51889	54963	8
51889	56180	6
51889	57501	8
51889	58248	3
52003	65865	1
52432	63250	3
52436	56674	1
52600	65340	3
53051	56127	10
53051	62032	7
53051	63505	3
53051	64256	10
53065	58181	5
53065	60484	5
53065	63505	3
53120	56026	6
53120	57020	9
53120	57237	5
53120	59418	3
53120	63295	3
53120	63505	3
53120	63984	6
53120	63987	5
53298	55058	2
53298	59803	3
53298	60011	3
53298	66293	1
53377	59803	1
53377	61580	1
53467	59353	1
53562	64339	1
53565	57039	1
53565	60011	2
53565	61580	1
53565	62299	1
53565	64245	1
53862	59703	2
53925	60497	1
53943	57589	3
54130	63052	1
54324	59589	1
54755	62654	6
54963	56180	6
54963	57501	8
54963	58248	3
55283	56612	7
55283	58794	7
55283	66588	1
55365	56180	1
55634	60626	5
55809	57501	1
56026	57020	6
56026	57237	5
56026	63984	6
56127	62032	7
56127	63505	1
56127	64256	10
56169	61413	3
56169	63505	4
56180	57501	6
56180	58248	2
56180	60396	1
56205	57039	8
56612	58794	7
56612	66588	1
56674	61308	3
56690	60780	2
56690	64686	1
56788	60414	3
56788	63431	1
56882	60497	1
56882	62898	6
56882	63431	1
56882	63773	5
57020	57237	5
57020	59418	9
57020	63295	5
57020	63505	6
57020	63984	6
57020	63987	9
57237	63984	5
57501	58248	3
57589	58649	1
57690	59285	1
57690	62064	1
58181	60069	1
58181	60484	6
58181	63505	3
58794	66588	1
58854	62119	1
58854	62124	1
58965	59253	2
58977	65461	4
59104	64223	1
59285	62064	2
59285	65653	3
59353	65340	1
59418	63295	6
59418	63505	6
59418	63987	10
59803	60011	2
59803	61580	1
59803	66293	1
60011	60497	1
60011	61580	1
60011	64245	1
60011	66293	1
60069	62633	4
60069	63099	2
60069	63505	2
60069	64256	1
60414	63431	1
60484	63505	3
60497	63431	1
61077	65845	2
61413	63505	3
61559	63250	3
61559	63309	3
61559	63673	2
61580	64245	1
62032	64256	7
62388	63245	6
62633	63099	2
62633	63505	1
62898	63773	4
63052	66293	1
63099	63505	1
63250	63309	3
63250	63673	3
63295	63505	3
63295	63987	6
63309	63673	2
63505	63987	6
63505	64256	1
65336	66181	3
