32	309	1
32	320	1
32	639	1
32	1017	2
32	1309	2
32	1556	1
32	1855	1
32	2455	1
32	2574	1
32	2627	1
32	2757	1
32	3562	1
35	320	1
35	616	3
35	2627	1
35	4024	1
35	4222	1
53	285	1
53	573	1
53	616	1
53	1017	1
53	3771	1
53	4024	2
70	501	1
70	4491	1
75	443	1
75	4595	1
81	310	1
83	320	1
83	1694	1
83	1855	1
83	2196	1
83	4660	1
85	4784	1
88	639	1
88	1017	1
88	1574	5
88	1575	1
88	2215	1
88	4024	1
90	294	1
90	1017	1
90	1590	1
90	1855	1
90	2215	1
90	3084	1
90	4026	2
93	630	1
93	632	1
93	715	1
93	1309	2
93	1855	1
93	2193	2
93	2487	1
93	2747	1
93	2962	1
93	3153	1
93	4024	3
93	4146	1
93	4760	1
93	4803	1
118	1017	1
118	3102	1
118	3765	1
127	632	1
127	1592	1
127	3251	1
127	3714	1
127	3776	1
127	4024	1
127	4660	1
139	342	1
139	639	1
139	1855	1
139	2400	1
139	3788	1
139	4024	1
139	4026	1
144	145	1
144	2627	1
144	4024	1
144	4026	1
145	647	1
145	3141	1
145	3179	1
145	4017	1
163	4189	1
164	1562	1
164	2635	1
164	4206	1
173	647	1
173	3287	1
173	4561	1
174	647	1
174	1017	1
174	2214	1
174	2962	1
174	4026	1
192	2448	1
192	4024	1
195	616	1
195	703	1
195	3920	1
195	4026	1
195	4323	1
214	2448	1
220	616	1
220	1121	1
220	4024	1
224	441	1
224	549	1
224	2214	1
224	3272	1
224	3875	1
224	4282	2
227	1549	1
227	2387	1
235	320	1
235	616	1
235	639	2
235	2364	1
235	2448	1
235	2850	1
235	3549	1
235	4024	3
243	639	2
243	1477	1
243	1574	1
243	1855	1
243	3040	2
243	4887	1
244	639	1
244	1695	1
244	2033	1
246	981	1
246	1017	1
246	1534	4
246	1855	2
246	2215	1
246	2640	1
246	2755	3
246	2825	1
246	3268	2
246	4024	1
246	4660	1
248	2136	1
250	320	1
250	328	1
250	418	2
250	480	1
250	982	1
250	1044	1
250	1173	1
250	1909	1
250	2364	1
250	2641	1
250	3310	1
250	4024	1
250	4026	1
250	4070	1
250	4703	1
253	256	1
253	501	1
253	616	3
253	632	2
253	639	1
253	645	1
253	714	1
253	824	1
253	1386	1
253	2033	1
253	2141	1
253	2159	1
253	2214	1
253	2452	1
253	2487	1
253	2627	3
253	2747	1
253	2755	1
253	2962	1
253	3134	1
253	3155	1
253	3202	1
253	3593	1
253	3721	2
253	3784	1
253	4024	1
253	4026	1
253	4068	1
253	4183	1
253	4499	1
253	4546	1
253	4561	1
253	4616	1
253	4660	4
253	5053	1
256	616	1
256	632	1
256	688	1
256	1017	1
256	1827	1
256	2627	1
256	2747	1
256	2962	1
256	4068	1
256	4183	1
256	4689	2
259	2136	1
260	311	1
260	506	1
260	616	1
260	639	1
260	2141	2
260	2215	1
260	4024	1
260	4645	1
260	4660	3
263	414	1
263	444	12
263	445	1
263	616	2
263	639	1
263	1902	1
263	2574	5
263	2922	1
263	3084	1
263	3249	1
263	3864	5
263	4024	5
263	4741	1
268	4660	1
285	639	2
285	784	1
285	1118	1
285	1497	1
285	1855	1
285	2729	1
285	2962	1
285	4024	1
285	4660	1
294	320	1
294	647	1
294	702	1
294	1831	1
294	2729	1
294	2802	1
294	2962	1
294	3249	2
294	3298	1
294	4024	2
298	882	1
298	3083	1
298	3310	1
298	4024	1
298	4026	1
300	320	4
300	610	1
300	1827	1
300	1953	1
300	2159	1
300	2214	1
300	2288	1
300	2487	1
300	2627	2
300	4068	1
300	4152	2
309	616	1
309	747	3
309	1118	1
309	1498	1
309	2034	1
309	2455	1
309	2496	1
309	2627	1
309	2962	1
309	3975	1
309	4026	1
309	4323	1
309	4660	3
310	1586	1
310	1907	1
310	3166	1
310	4611	1
311	647	1
311	1574	1
311	1855	1
311	2666	1
311	4024	1
311	4073	1
320	332	1
320	342	1
320	503	2
320	595	1
320	610	1
320	616	4
320	621	1
320	639	3
320	647	2
320	747	1
320	751	1
320	892	1
320	950	1
320	982	1
320	998	2
320	1017	2
320	1195	1
320	1314	1
320	1429	1
320	1505	1
320	1528	1
320	1586	1
320	1619	1
320	1696	1
320	1831	1
320	1853	2
320	1855	2
320	1861	1
320	1909	1
320	1953	2
320	2047	1
320	2175	1
320	2183	2
320	2215	2
320	2264	1
320	2284	2
320	2295	1
320	2364	1
320	2452	1
320	2457	1
320	2487	1
320	2525	1
320	2617	1
320	2627	8
320	2635	1
320	2636	1
320	2641	1
320	2692	1
320	2729	1
320	2755	2
320	2802	1
320	2958	1
320	2962	1
320	3026	1
320	3083	1
320	3257	2
320	3268	1
320	3298	1
320	3310	1
320	3438	1
320	3711	1
320	3805	1
320	3807	1
320	3888	1
320	3895	3
320	3897	3
320	3947	1
320	3999	2
320	4017	2
320	4024	1
320	4026	2
320	4070	1
320	4405	1
320	4499	1
320	4628	1
320	4632	1
320	4646	1
320	4660	4
320	4689	2
320	4692	1
320	4825	1
320	5053	2
328	640	1
328	784	1
328	2286	1
328	2627	1
328	4689	1
328	4968	1
332	499	1
332	639	2
332	647	1
332	1178	1
332	1534	1
332	1855	1
332	1953	1
332	2217	1
332	3155	1
332	3263	1
332	3274	1
332	4024	1
332	4026	1
332	4689	1
333	418	1
333	620	1
333	991	1
333	1261	1
333	1855	1
333	3234	1
333	3875	1
333	3999	1
333	4595	1
333	4660	1
336	715	1
336	3240	1
336	3242	1
336	4293	1
336	5044	1
337	639	2
337	4024	2
337	4926	1
342	441	1
342	550	3
342	632	1
342	647	2
342	1518	1
342	1686	2
342	1692	1
342	1820	1
342	1867	1
342	2336	3
342	2452	1
342	2482	1
342	2491	1
342	3284	3
342	3842	2
342	3875	1
342	4306	5
342	4433	5
342	4511	3
342	4595	1
342	4784	5
343	2215	1
348	639	2
348	1557	2
348	4024	1
366	639	1
366	1574	1
366	1592	1
366	2448	1
378	639	1
378	1017	2
378	1855	1
378	2627	1
378	4340	1
393	639	1
393	4024	1
396	616	1
396	1744	1
396	1855	1
396	4026	1
400	639	4
400	983	1
400	1855	2
400	3766	1
400	4024	1
413	981	1
413	1534	1
413	2802	1
413	3064	3
413	3152	1
413	3810	1
413	4024	1
414	647	1
416	4024	1
418	616	3
418	647	1
418	667	5
418	680	2
418	882	1
418	967	1
418	991	1
418	1017	1
418	1290	1
418	1376	1
418	1628	1
418	2333	1
418	2364	1
418	2525	1
418	2627	4
418	2635	1
418	2825	1
418	2945	1
418	3181	2
418	3999	1
418	4024	2
418	4026	2
418	4028	1
418	4595	5
418	4715	1
441	550	1
441	616	1
441	647	2
441	955	1
441	995	1
441	1324	1
441	1376	1
441	2358	1
441	2364	1
441	2452	1
441	2627	2
441	2628	1
441	2630	1
441	3073	1
441	3267	1
441	3407	1
441	3549	1
441	3875	1
441	3999	1
441	4028	1
441	4433	1
441	4511	3
441	4660	1
441	4784	1
441	4831	1
441	5048	1
441	5053	1
443	3867	1
443	4024	1
444	616	1
444	639	7
444	955	1
444	1118	1
444	1121	1
444	1376	1
444	2574	4
444	2575	1
444	2627	1
444	2915	2
444	2945	1
444	3211	4
444	3407	1
444	3409	1
444	3864	15
444	4024	12
444	4660	1
444	5053	1
445	4601	1
471	4926	1
480	616	1
480	639	1
480	1422	1
480	1622	1
480	1628	1
480	2574	1
480	3975	1
480	4024	2
480	4293	1
480	4505	1
499	616	1
499	647	1
501	998	1
501	1457	1
501	2196	2
501	2448	1
501	2962	1
501	3254	1
501	3947	1
501	4158	1
501	4660	1
502	506	1
502	639	1
502	1456	1
502	3155	1
502	3562	1
503	616	1
503	1017	1
503	1386	1
503	2217	1
503	2284	1
503	2515	4
503	2617	1
503	2635	1
503	4024	1
506	639	4
506	647	2
506	1491	1
506	1853	1
506	1855	1
506	2217	1
506	2286	1
506	2480	1
506	2487	1
506	2635	1
506	2755	1
506	2838	1
506	2962	2
506	3153	2
506	3273	1
506	3593	2
506	4024	3
506	4026	1
506	4561	1
522	4595	1
545	3245	1
545	4628	2
549	610	1
549	639	1
549	703	1
549	991	2
549	1017	1
549	1044	1
549	1314	1
549	1531	3
549	1845	1
549	1849	1
549	1953	1
549	2047	1
549	2574	1
549	2627	4
549	2945	1
549	3040	2
549	3202	1
549	3789	1
549	3842	1
549	3920	2
549	3999	12
549	4024	1
549	4025	1
549	4206	1
549	4433	1
549	4466	1
549	4632	1
549	4660	1
549	4968	1
550	1017	1
550	2515	1
550	2827	1
550	2945	2
550	5039	1
571	3303	1
573	616	1
573	1316	1
573	2549	1
573	4024	2
579	4021	1
579	4024	1
584	2518	1
584	4660	1
588	639	1
588	715	1
588	1017	1
588	2627	1
593	616	1
593	639	2
593	647	2
593	768	1
593	1017	2
593	1574	19
593	2574	1
593	2627	1
593	2636	1
593	3663	1
593	4024	5
593	4786	1
593	4800	9
593	4960	2
595	768	1
595	1017	1
595	1861	1
595	3012	2
595	3563	1
595	4967	1
602	4024	2
604	616	1
604	639	2
604	2215	1
604	2750	1
604	3549	1
604	3891	1
604	4024	3
604	4026	2
604	4660	1
607	647	1
607	690	1
607	1017	2
607	1851	1
607	2286	1
607	3947	1
607	4024	1
607	4026	1
607	4595	1
607	4660	1
609	639	1
609	1491	1
609	1855	1
609	2225	2
609	2383	1
609	2515	2
609	2962	1
609	3272	1
609	4024	3
609	4282	1
610	611	1
610	615	2
610	616	7
610	617	3
610	621	1
610	628	1
610	634	1
610	639	3
610	647	4
610	702	1
610	715	1
610	1017	4
610	1136	1
610	1266	1
610	1634	3
610	1743	1
610	1845	1
610	1849	2
610	1853	1
610	1855	6
610	1953	9
610	2054	1
610	2145	2
610	2215	1
610	2217	4
610	2225	1
610	2254	1
610	2284	1
610	2286	3
610	2356	1
610	2364	1
610	2383	1
610	2482	1
610	2568	1
610	2627	2
610	2635	1
610	2729	1
610	2802	1
610	2835	2
610	2838	2
610	2850	1
610	2962	1
610	3202	1
610	3298	1
610	3523	1
610	3712	1
610	3776	1
610	3904	1
610	3999	1
610	4024	7
610	4025	1
610	4026	6
610	4073	1
610	4109	1
610	4152	1
610	4489	1
610	4560	1
610	4561	1
610	4601	1
610	4660	6
610	5053	1
611	647	1
611	1855	1
611	2962	1
611	4024	2
611	4026	1
611	5053	1
613	616	1
613	2217	2
613	2627	1
613	2666	1
613	2802	2
613	2930	1
613	3536	2
613	4660	1
615	634	1
615	1831	1
615	1836	1
615	1849	3
615	1953	1
615	2145	1
615	2217	1
615	2254	1
615	2286	1
615	2627	1
615	2964	1
615	3263	1
615	3273	1
615	3711	1
615	4204	1
616	621	2
616	632	1
616	634	2
616	639	11
616	640	1
616	647	32
616	704	1
616	710	1
616	715	1
616	722	1
616	922	1
616	932	2
616	967	1
616	972	1
616	982	1
616	1017	9
616	1029	1
616	1136	1
616	1266	1
616	1271	3
616	1272	3
616	1332	1
616	1378	1
616	1429	1
616	1522	1
616	1529	1
616	1534	2
616	1556	1
616	1564	2
616	1586	3
616	1594	1
616	1619	2
616	1628	6
616	1688	1
616	1692	1
616	1743	3
616	1785	1
616	1813	1
616	1827	1
616	1831	13
616	1849	3
616	1855	14
616	1856	1
616	1861	1
616	1887	2
616	1901	1
616	1953	6
616	2034	1
616	2175	2
616	2215	2
616	2217	6
616	2286	1
616	2336	1
616	2364	6
616	2383	1
616	2404	2
616	2456	1
616	2458	1
616	2480	1
616	2482	2
616	2487	1
616	2515	5
616	2574	1
616	2627	39
616	2634	2
616	2635	2
616	2651	1
616	2729	1
616	2754	2
616	2757	2
616	2802	1
616	2838	3
616	2945	2
616	2962	6
616	2974	2
616	3006	1
616	3026	2
616	3064	2
616	3083	1
616	3166	3
616	3249	1
616	3251	1
616	3267	1
616	3268	3
616	3284	1
616	3298	15
616	3438	1
616	3549	1
616	3593	1
616	3655	1
616	3664	2
616	3706	1
616	3776	1
616	3788	1
616	3891	1
616	3904	1
616	3920	1
616	3942	1
616	3975	2
616	4024	19
616	4026	9
616	4069	1
616	4070	1
616	4158	2
616	4206	3
616	4220	2
616	4222	2
616	4275	1
616	4282	1
616	4293	12
616	4433	2
616	4436	1
616	4489	1
616	4499	2
616	4505	4
616	4561	3
616	4595	2
616	4602	1
616	4632	1
616	4634	1
616	4645	1
616	4660	34
616	4689	1
616	4741	1
616	4778	1
616	4784	1
616	4839	2
616	4893	1
616	4968	1
616	5033	1
616	5044	1
616	5046	1
616	5048	2
616	5053	4
616	5072	1
617	628	1
617	639	3
617	640	2
617	641	1
617	647	5
617	768	1
617	974	1
617	988	1
617	1017	1
617	1271	1
617	1851	4
617	1855	2
617	2364	1
617	2451	1
617	2515	3
617	2530	1
617	2609	1
617	2627	9
617	2754	1
617	2958	3
617	2962	2
617	3166	1
617	3272	1
617	3274	1
617	3509	1
617	3714	1
617	3787	1
617	3904	1
617	4024	3
617	4026	3
617	4109	1
617	4255	1
617	4275	1
617	4293	1
617	4320	1
617	4660	3
617	4689	1
618	639	1
618	714	1
618	1902	1
618	2575	1
618	4024	1
618	4026	1
618	4595	1
619	4692	1
620	3691	1
620	3975	1
620	4595	1
620	4616	1
620	4660	3
621	1855	2
621	2254	1
621	3153	1
621	3593	1
621	5053	3
625	981	1
625	1534	1
625	2141	1
625	4024	1
628	632	1
628	639	2
628	647	1
628	1838	1
628	2217	1
628	3166	1
628	4024	3
628	4262	1
628	4969	1
628	5053	2
630	639	2
630	647	1
630	1332	2
630	1695	1
630	1855	1
630	2452	1
630	2518	1
630	2962	4
630	3254	1
630	3706	1
630	4024	2
630	4660	1
630	4803	1
630	4891	1
632	639	1
632	641	1
632	647	3
632	1017	1
632	1585	2
632	1827	1
632	1838	1
632	1845	1
632	1849	2
632	1953	1
632	2141	1
632	2193	1
632	2224	1
632	2258	1
632	2273	1
632	2514	2
632	2518	1
632	2627	3
632	2683	1
632	2747	1
632	2962	1
632	3153	1
632	3166	1
632	3764	1
632	3776	1
632	3784	3
632	4024	1
632	4068	1
632	4660	3
632	4803	2
632	4967	1
634	639	2
634	1017	1
634	1310	1
634	1531	1
634	1731	1
634	1831	2
634	1855	1
634	1907	1
634	1953	1
634	2254	1
634	2364	1
634	2627	2
634	2729	1
634	4024	1
634	4109	1
634	4255	1
634	4293	1
634	4660	2
634	5053	1
639	640	1
639	647	24
639	655	1
639	688	1
639	714	6
639	715	3
639	716	2
639	784	1
639	818	1
639	819	1
639	882	1
639	932	1
639	949	1
639	950	4
639	965	1
639	974	1
639	981	1
639	983	1
639	1017	8
639	1029	1
639	1043	1
639	1044	1
639	1056	1
639	1083	2
639	1118	1
639	1126	1
639	1158	1
639	1167	1
639	1173	1
639	1190	1
639	1261	1
639	1298	1
639	1309	1
639	1368	1
639	1422	2
639	1451	2
639	1457	1
639	1500	1
639	1511	1
639	1518	3
639	1522	1
639	1531	2
639	1534	3
639	1557	5
639	1562	1
639	1564	1
639	1571	2
639	1574	3
639	1575	1
639	1576	1
639	1590	1
639	1591	2
639	1619	1
639	1638	1
639	1688	1
639	1689	1
639	1692	1
639	1695	1
639	1696	1
639	1785	2
639	1820	1
639	1831	2
639	1851	1
639	1855	18
639	1860	1
639	1862	1
639	1901	1
639	1902	1
639	1907	1
639	1909	1
639	1953	5
639	2033	1
639	2034	1
639	2047	1
639	2054	1
639	2112	1
639	2214	3
639	2215	2
639	2217	1
639	2225	1
639	2268	2
639	2284	2
639	2286	3
639	2298	1
639	2356	2
639	2364	5
639	2381	1
639	2455	1
639	2457	1
639	2480	3
639	2482	1
639	2487	2
639	2515	5
639	2518	4
639	2575	1
639	2599	1
639	2607	1
639	2617	1
639	2627	19
639	2630	2
639	2635	2
639	2637	1
639	2640	2
639	2666	1
639	2686	1
639	2692	2
639	2729	2
639	2730	1
639	2747	4
639	2754	2
639	2757	1
639	2802	1
639	2825	1
639	2827	1
639	2879	1
639	2915	1
639	2945	2
639	2958	2
639	2962	4
639	2996	1
639	3006	1
639	3015	1
639	3026	2
639	3056	1
639	3073	2
639	3081	1
639	3083	1
639	3084	1
639	3088	1
639	3091	1
639	3107	1
639	3109	1
639	3141	2
639	3150	1
639	3211	2
639	3234	1
639	3240	2
639	3249	1
639	3251	1
639	3263	2
639	3268	3
639	3272	1
639	3273	2
639	3274	1
639	3287	1
639	3298	2
639	3340	1
639	3349	3
639	3350	1
639	3425	1
639	3438	4
639	3464	1
639	3485	2
639	3511	1
639	3523	1
639	3548	1
639	3549	2
639	3562	5
639	3567	1
639	3664	1
639	3702	1
639	3706	1
639	3710	2
639	3711	2
639	3721	1
639	3746	1
639	3764	1
639	3765	4
639	3776	1
639	3789	1
639	3856	1
639	3895	2
639	3897	1
639	3920	1
639	3985	1
639	3999	1
639	4002	1
639	4006	1
639	4024	9
639	4025	1
639	4026	23
639	4061	1
639	4068	1
639	4070	1
639	4150	1
639	4152	3
639	4158	1
639	4189	1
639	4220	1
639	4222	1
639	4224	1
639	4240	1
639	4282	1
639	4293	2
639	4299	2
639	4405	1
639	4433	1
639	4492	1
639	4499	1
639	4509	1
639	4511	2
639	4561	3
639	4595	5
639	4602	2
639	4628	3
639	4630	1
639	4644	1
639	4660	23
639	4669	2
639	4689	6
639	4733	1
639	4786	1
639	4839	3
639	4889	1
639	4918	1
639	4919	2
639	4926	2
639	4958	1
639	4967	1
639	4968	1
639	5046	1
639	5048	3
639	5053	1
639	5072	2
640	647	1
640	1557	1
640	2217	1
640	2448	1
640	2515	1
640	2627	3
640	2962	2
640	3547	1
640	3593	1
640	4024	1
640	4026	1
640	4660	2
641	1823	1
641	1849	1
641	2217	1
641	2268	1
641	4024	1
641	4561	1
641	4660	4
647	680	1
647	688	2
647	690	1
647	709	1
647	710	1
647	714	1
647	784	1
647	824	1
647	882	1
647	983	1
647	988	1
647	1012	1
647	1017	12
647	1029	1
647	1121	1
647	1242	1
647	1271	1
647	1272	1
647	1274	1
647	1310	2
647	1378	1
647	1422	1
647	1429	1
647	1438	1
647	1451	1
647	1453	2
647	1491	1
647	1510	1
647	1522	1
647	1534	1
647	1562	1
647	1564	1
647	1590	1
647	1628	1
647	1686	1
647	1692	1
647	1827	1
647	1829	1
647	1831	1
647	1851	3
647	1853	1
647	1855	14
647	1884	1
647	1907	1
647	1953	7
647	2193	1
647	2214	2
647	2215	2
647	2217	35
647	2264	2
647	2286	13
647	2364	2
647	2448	3
647	2455	1
647	2456	1
647	2482	1
647	2487	1
647	2514	1
647	2515	3
647	2518	1
647	2525	1
647	2574	1
647	2627	39
647	2635	1
647	2641	1
647	2651	1
647	2668	1
647	2683	1
647	2729	2
647	2747	1
647	2757	2
647	2802	2
647	2821	1
647	2838	1
647	2958	3
647	2962	4
647	3040	1
647	3076	1
647	3083	2
647	3102	2
647	3166	5
647	3249	1
647	3251	1
647	3274	1
647	3298	3
647	3549	2
647	3746	1
647	3765	1
647	3875	1
647	3907	1
647	3920	1
647	4021	1
647	4024	46
647	4026	11
647	4146	1
647	4158	1
647	4187	1
647	4189	1
647	4204	1
647	4206	11
647	4293	7
647	4487	1
647	4489	1
647	4550	1
647	4561	1
647	4595	9
647	4616	1
647	4630	1
647	4634	1
647	4660	24
647	4692	1
647	4706	3
647	4710	1
647	4745	1
647	4800	1
647	4806	2
647	4919	3
647	4926	2
647	4967	1
647	5003	1
647	5053	4
647	5072	1
655	1017	1
655	1829	2
655	2286	2
655	2448	1
655	2821	1
655	3102	1
655	4026	1
655	4660	1
667	714	1
667	4024	2
667	4660	1
669	1829	1
680	1619	1
680	1953	2
680	3975	1
685	1855	1
685	3268	1
688	1549	1
688	2636	2
690	1017	3
690	1619	1
690	2174	1
690	3985	1
690	4282	1
690	5053	1
692	4024	1
692	4206	1
692	4660	1
695	4282	1
702	2268	1
703	1125	1
703	2400	1
703	3765	1
703	4024	1
703	4758	1
704	1855	1
704	3040	1
704	4024	1
709	1422	1
709	2518	1
709	2838	1
709	2958	2
709	3162	1
709	4660	1
710	1017	1
710	1528	1
710	1534	1
710	2215	1
710	2364	2
710	2640	1
710	4293	1
714	716	1
714	1376	1
714	1855	2
714	2229	1
714	2286	1
714	3040	1
714	3257	1
714	3409	1
714	3875	3
714	4024	7
714	4028	1
714	4068	1
714	4595	3
714	4601	4
714	4660	1
714	4741	3
714	4831	1
715	781	1
715	1029	3
715	1836	1
715	2215	1
715	2635	1
715	2974	1
715	3240	1
715	4631	1
715	4632	1
715	4640	1
715	4660	1
715	4968	1
716	4024	1
716	4026	1
716	4158	1
722	1855	1
722	3083	1
722	4533	1
722	5053	1
725	2404	3
738	2514	2
738	2692	1
738	4025	2
744	1017	1
744	4660	1
745	2164	1
747	1855	1
747	3340	1
747	4024	1
751	2572	1
751	2754	2
751	3888	1
751	4024	1
758	2574	1
759	1574	1
759	2145	1
759	3268	1
759	3593	1
764	2518	1
768	978	1
768	1043	1
768	1136	3
768	1430	1
768	1432	1
768	1574	1
768	2448	1
768	2451	1
768	2627	1
768	3141	1
768	3547	1
768	3853	1
768	4012	1
768	4630	1
768	4926	1
773	4183	1
784	1017	1
784	1855	1
784	2215	1
784	2636	1
784	2755	1
784	3141	1
784	4002	1
784	4024	1
784	4028	1
784	4645	1
784	4660	1
784	4689	1
784	4800	1
785	4926	1
818	892	1
818	1564	1
818	2047	2
818	2049	1
818	3083	1
818	3755	1
818	3891	1
818	3920	1
818	4024	1
818	4616	1
818	4710	1
818	4857	1
819	2193	1
819	4024	1
824	2288	1
824	2456	1
824	3784	1
824	3947	1
833	2141	1
833	2264	1
833	4024	2
833	5053	1
836	4024	1
882	1017	1
882	1624	1
882	2175	1
882	2448	1
882	2525	1
882	2827	1
882	2945	3
882	3310	1
882	4595	1
882	4601	1
888	1017	1
892	1860	1
892	2215	1
892	2448	1
892	2802	1
892	3947	3
892	4487	1
892	4616	2
922	4891	1
932	1855	1
932	4024	1
932	4940	1
934	988	2
934	1242	1
934	4918	1
941	1638	1
941	1855	1
941	2630	2
941	4758	2
949	980	2
949	2297	1
949	2640	1
949	3064	1
949	3117	1
949	3150	1
949	4158	1
950	965	1
950	1017	1
950	1953	1
950	2215	1
950	2224	1
950	2515	1
950	2802	2
950	3040	1
950	3240	1
950	4024	3
950	4026	1
954	1164	1
954	1532	1
954	3891	1
954	4028	1
955	2356	1
965	2668	1
965	3425	2
965	4024	3
967	4595	1
972	1017	1
972	2286	1
972	3166	1
972	3562	1
974	3251	1
974	3270	1
974	3766	1
974	4024	1
974	4616	1
974	4689	1
975	2630	1
975	4024	2
978	1133	2
980	1855	1
980	2298	1
980	2850	1
980	3064	1
980	3150	1
980	3856	1
980	4024	2
981	1534	1
981	3544	1
981	4024	1
982	1571	2
982	2215	1
982	2574	3
982	3523	1
982	3771	1
982	4026	2
982	4689	2
982	4800	1
983	2451	1
983	3438	1
988	1017	2
988	1043	1
988	1242	1
988	1586	1
988	1694	1
988	2196	1
988	2487	1
988	3789	1
988	4024	1
988	4026	1
988	4561	1
988	4918	1
988	5053	1
991	1017	1
991	2333	2
991	2627	1
991	3272	1
991	3891	1
991	3999	1
991	4024	1
995	3999	1
998	1126	1
998	1158	1
998	1265	1
998	1272	1
998	1855	2
998	3549	1
998	4024	3
998	4306	2
998	4926	1
1012	4024	1
1017	1121	1
1017	1257	5
1017	1261	1
1017	1266	1
1017	1314	2
1017	1378	1
1017	1422	17
1017	1429	1
1017	1505	1
1017	1518	1
1017	1522	1
1017	1529	1
1017	1534	1
1017	1574	1
1017	1582	1
1017	1585	1
1017	1586	1
1017	1592	1
1017	1605	1
1017	1624	1
1017	1628	1
1017	1696	1
1017	1831	3
1017	1836	3
1017	1838	1
1017	1845	1
1017	1849	1
1017	1851	2
1017	1855	6
1017	1887	1
1017	1912	1
1017	1953	9
1017	2033	1
1017	2215	1
1017	2264	1
1017	2286	1
1017	2364	3
1017	2383	1
1017	2400	1
1017	2448	3
1017	2457	1
1017	2487	1
1017	2491	1
1017	2568	1
1017	2609	1
1017	2627	12
1017	2640	1
1017	2641	1
1017	2750	1
1017	2945	5
1017	3026	5
1017	3070	1
1017	3083	1
1017	3102	2
1017	3141	1
1017	3181	2
1017	3202	1
1017	3211	1
1017	3251	1
1017	3263	1
1017	3274	1
1017	3298	2
1017	3549	1
1017	3562	1
1017	3711	1
1017	3807	1
1017	3891	2
1017	3893	1
1017	3895	2
1017	3903	1
1017	3947	2
1017	3999	1
1017	4006	1
1017	4024	20
1017	4026	5
1017	4028	1
1017	4070	2
1017	4152	1
1017	4158	2
1017	4204	1
1017	4293	8
1017	4443	1
1017	4492	1
1017	4511	1
1017	4533	1
1017	4595	8
1017	4601	1
1017	4632	1
1017	4660	4
1017	4692	1
1017	4710	1
1017	4803	1
1017	4825	1
1017	4887	1
1017	4904	1
1017	4926	4
1017	4960	2
1017	5072	1
1029	1831	1
1029	3242	1
1029	3549	1
1029	4024	3
1029	4660	2
1029	4669	1
1029	5044	2
1043	2217	1
1043	2627	1
1043	3853	1
1044	1582	1
1044	1590	1
1044	2333	1
1044	2457	1
1044	2525	1
1044	2617	1
1044	2627	4
1044	2636	1
1044	3310	1
1044	4024	2
1044	4026	1
1044	4660	2
1044	4960	1
1056	1582	1
1056	2018	2
1056	2112	1
1056	3245	3
1056	3576	1
1056	4293	1
1083	1429	5
1083	4026	1
1118	1121	1
1118	2448	1
1118	2455	1
1118	2574	2
1118	2755	1
1118	3102	1
1118	3109	1
1118	3298	1
1118	4024	1
1118	4026	3
1121	4691	1
1121	4919	1
1125	1849	1
1125	3776	1
1126	1829	1
1126	1855	1
1126	2591	1
1126	4024	1
1133	1574	1
1136	1430	1
1136	2958	1
1136	3536	1
1136	4240	1
1136	4967	1
1148	2627	1
1148	2640	1
1148	4026	1
1158	3879	1
1164	1574	1
1164	1610	2
1164	2525	1
1164	2627	1
1164	2636	1
1164	4028	1
1164	4926	1
1167	4024	1
1173	1855	1
1173	2757	1
1178	2193	1
1178	2383	1
1186	3875	1
1186	4660	1
1190	3083	1
1190	4024	1
1195	2635	1
1195	3784	1
1234	3064	1
1242	2214	1
1242	4918	1
1257	1855	1
1257	3040	1
1257	3268	1
1257	3549	2
1257	4068	1
1257	4492	1
1257	4760	1
1261	1861	1
1261	3015	1
1266	1855	2
1266	4969	1
1266	5003	1
1271	1855	1
1271	2784	1
1271	2962	1
1271	3349	2
1271	4024	1
1271	4926	1
1272	1619	1
1272	1638	1
1272	1855	3
1272	2515	1
1272	2518	1
1272	4026	1
1274	1855	1
1274	2627	1
1290	3070	1
1290	3083	1
1290	3903	1
1290	4595	1
1298	4024	1
1298	4640	1
1310	4024	1
1314	1505	1
1314	1692	1
1314	2455	1
1314	2750	1
1314	3947	1
1314	4024	1
1314	4433	1
1314	4960	1
1316	1574	1
1316	4889	1
1324	1477	2
1324	3118	1
1324	3270	1
1332	4024	1
1332	4293	1
1362	1582	1
1362	2962	1
1362	4293	4
1362	4660	1
1368	4024	1
1368	4293	1
1368	4926	1
1376	1953	2
1376	2825	1
1376	3070	1
1376	4006	1
1378	4595	1
1385	1386	14
1385	1582	29
1385	1622	3
1385	1909	1
1385	2018	26
1385	2112	5
1385	2568	1
1385	2651	1
1385	2692	1
1385	2879	1
1385	3245	10
1385	4578	1
1386	1582	21
1386	1849	1
1386	1909	1
1386	2018	35
1386	2112	5
1386	2145	1
1386	2568	1
1386	2757	1
1386	3245	16
1386	4578	4
1422	1429	2
1422	2214	2
1422	2757	1
1422	4024	15
1422	4293	12
1422	4660	13
1422	4856	1
1429	1628	1
1429	1831	1
1429	1851	3
1429	1855	2
1429	2214	1
1429	2627	1
1429	3245	1
1429	4026	5
1429	4499	1
1429	4646	1
1430	1438	1
1430	1576	1
1430	2214	1
1430	4026	1
1430	4660	1
1430	4856	1
1432	1438	1
1432	2214	1
1432	4021	1
1438	1855	1
1438	4026	1
1438	4646	2
1451	4024	1
1453	3153	1
1453	4561	1
1456	1457	1
1456	3710	1
1456	4024	1
1457	3562	1
1457	4024	1
1457	4660	1
1477	2515	1
1477	2931	1
1477	3438	1
1477	3853	1
1477	4024	1
1481	1855	1
1481	2215	1
1481	2448	1
1481	3706	1
1481	4832	1
1491	1744	1
1491	2379	1
1491	2515	1
1491	4024	2
1497	3088	1
1497	3920	1
1497	4152	1
1497	4891	1
1500	1851	1
1500	2049	1
1500	4024	2
1505	1725	1
1505	2962	1
1505	4024	1
1510	1628	1
1510	3249	1
1510	3784	1
1510	4660	1
1510	4803	1
1514	1532	1
1514	5053	1
1518	2962	1
1518	4024	3
1522	1590	1
1522	1695	1
1522	2217	1
1522	3310	1
1522	4024	1
1522	4492	1
1522	4595	1
1522	4660	2
1528	2627	1
1528	2729	1
1528	4509	1
1529	4021	1
1531	1722	1
1531	1855	1
1531	2802	1
1531	3040	3
1531	3776	2
1531	3787	1
1532	2515	1
1532	3807	1
1534	1849	1
1534	2215	1
1534	2627	3
1534	2640	2
1534	2651	1
1534	2686	1
1534	2729	3
1534	2755	1
1534	3268	3
1534	3710	1
1534	4024	2
1534	4293	1
1534	4660	2
1543	4206	1
1543	4926	1
1549	2141	1
1549	2159	2
1549	2636	1
1549	2962	1
1549	4024	2
1549	4026	2
1556	1557	1
1556	3040	1
1556	4640	1
1556	5053	1
1557	1849	1
1557	2215	1
1557	3349	1
1557	4024	1
1557	4026	1
1557	4299	1
1557	4660	1
1557	4926	2
1562	1694	1
1562	1696	1
1562	1855	1
1562	2286	2
1562	4026	1
1562	4293	1
1564	3511	1
1571	2468	1
1571	2945	1
1571	3012	1
1571	4024	2
1571	4026	1
1571	4595	2
1574	1575	10
1574	1576	2
1574	1909	1
1574	2491	1
1574	2530	1
1574	2636	2
1574	2838	1
1574	3549	4
1574	4024	10
1574	4026	2
1574	4745	2
1574	4786	1
1574	4800	4
1574	4958	2
1575	1576	2
1575	2364	1
1575	2636	1
1575	2730	1
1575	4024	2
1575	4745	1
1575	4800	1
1576	4024	1
1582	1586	1
1582	1622	5
1582	1831	1
1582	1924	1
1582	2018	63
1582	2112	11
1582	2164	1
1582	2214	1
1582	2568	3
1582	2627	1
1582	2962	1
1582	3245	27
1582	3273	1
1582	3485	1
1582	4006	1
1582	4293	1
1582	4499	1
1582	4578	5
1582	4646	1
1582	4660	4
1582	5053	1
1585	1817	1
1585	1829	1
1585	1849	1
1585	1855	1
1585	2364	2
1585	2651	1
1585	2666	1
1585	2838	1
1586	1693	1
1586	1831	1
1586	2627	3
1586	2747	1
1586	3298	2
1586	4026	1
1586	4158	1
1586	4293	4
1586	4660	2
1588	1953	2
1588	2268	1
1588	2448	1
1588	3249	1
1588	4024	1
1588	4204	1
1590	1694	1
1590	2215	1
1590	2525	1
1590	2668	1
1590	3310	1
1590	3549	3
1590	3895	7
1590	4024	4
1590	4026	3
1590	4275	1
1590	4405	1
1591	1855	1
1591	1953	1
1591	2298	1
1591	2620	1
1591	2683	1
1591	2686	1
1591	3064	1
1591	3268	2
1591	4024	1
1591	4660	1
1592	2627	1
1592	2802	1
1592	3875	1
1592	4183	1
1592	4293	1
1594	1953	1
1594	2480	1
1594	3745	1
1594	4503	1
1594	4862	1
1594	5053	4
1605	3549	1
1610	1855	1
1610	3975	1
1610	5048	1
1619	1855	1
1619	2174	1
1619	3975	1
1619	3985	1
1622	2018	4
1622	2268	2
1622	2568	1
1622	2651	1
1622	3245	1
1622	4024	1
1622	4293	1
1622	4660	2
1624	2627	1
1625	2455	1
1628	1831	1
1628	1855	3
1628	2627	1
1628	2724	1
1628	3298	1
1628	3895	1
1628	4024	4
1628	4026	1
1628	4293	1
1628	4660	3
1634	1851	2
1634	1855	1
1634	3083	1
1634	4024	1
1634	4026	1
1638	1909	1
1638	4021	1
1652	3766	1
1677	3245	1
1677	4024	1
1686	3547	1
1686	3562	1
1686	4919	2
1688	2215	1
1688	2217	1
1688	4024	1
1688	4595	1
1689	1694	1
1689	4594	1
1689	4660	1
1690	2627	1
1691	4024	2
1692	4024	2
1693	1867	1
1693	1953	1
1693	2364	1
1693	2515	1
1693	4024	1
1694	2196	1
1694	2518	1
1694	2630	1
1694	3038	1
1694	4024	3
1694	5053	1
1695	1696	1
1695	2217	1
1695	2286	1
1695	2525	1
1695	2962	1
1695	4024	2
1695	4026	1
1695	4710	1
1696	1901	2
1696	2141	2
1696	2145	1
1696	2159	1
1696	2214	1
1696	2215	1
1696	3166	1
1696	3251	1
1696	4026	1
1696	4533	1
1699	4024	1
1699	4669	1
1699	4803	1
1699	5044	1
1725	4491	1
1743	1831	1
1743	1855	1
1743	2018	1
1743	2364	1
1743	2627	3
1743	2879	1
1743	3268	2
1743	3270	1
1743	3298	1
1743	4024	1
1743	4189	1
1743	4561	1
1743	4660	1
1744	2383	1
1744	2627	1
1744	2635	1
1744	4026	1
1770	4024	1
1774	2364	1
1783	1953	1
1783	4660	1
1785	1855	1
1785	2228	1
1785	2974	1
1817	2214	1
1817	2286	1
1817	2515	1
1817	4024	1
1817	4560	1
1817	4660	1
1820	2364	1
1820	2525	1
1820	3298	1
1820	3300	1
1820	4024	1
1820	4152	1
1820	4660	2
1823	1838	1
1823	1912	1
1823	4024	1
1827	1953	1
1827	2159	1
1827	2288	1
1827	4068	1
1829	1849	3
1829	1953	2
1829	2515	1
1829	2627	1
1829	2754	4
1829	3903	1
1829	3920	1
1829	4293	1
1829	4561	1
1829	4660	1
1829	5053	1
1831	1845	1
1831	1851	1
1831	1855	3
1831	1861	1
1831	1953	2
1831	2168	1
1831	2258	1
1831	2448	1
1831	2487	1
1831	2515	3
1831	2627	5
1831	2683	1
1831	3083	1
1831	3298	3
1831	3310	1
1831	3523	1
1831	3746	1
1831	3975	2
1831	4026	1
1831	4293	9
1831	4628	1
1831	4660	7
1831	5053	1
1836	1953	2
1836	2054	1
1836	4002	1
1836	5013	1
1838	1849	1
1838	2515	1
1838	3593	1
1838	4026	1
1842	1851	1
1842	1953	1
1842	2286	1
1842	4024	2
1842	4309	1
1845	1851	1
1845	2159	1
1845	2482	1
1845	2962	1
1845	4024	1
1845	4028	1
1845	4262	1
1845	4601	1
1845	4660	2
1849	1851	1
1849	1855	2
1849	1953	6
1849	2145	1
1849	2217	3
1849	2264	1
1849	2268	1
1849	2487	2
1849	2627	2
1849	2838	2
1849	2962	1
1849	3298	1
1849	3562	1
1849	3593	2
1849	3765	1
1849	4026	2
1849	4062	1
1849	4070	1
1849	4293	1
1849	4660	5
1851	1853	2
1851	1855	3
1851	1901	1
1851	1953	1
1851	2264	1
1851	2286	1
1851	2487	1
1851	2515	2
1851	2627	2
1851	2635	1
1851	2754	1
1851	2838	1
1851	2962	2
1851	3166	1
1851	3593	1
1851	3790	1
1851	3829	1
1851	3895	1
1851	3947	1
1851	4024	1
1851	4158	1
1851	4293	1
1851	4561	3
1851	4660	1
1851	4841	1
1853	1855	1
1853	2258	1
1853	2286	1
1855	1953	2
1855	2018	1
1855	2215	2
1855	2286	3
1855	2364	4
1855	2448	1
1855	2451	1
1855	2455	1
1855	2487	2
1855	2515	3
1855	2574	1
1855	2607	1
1855	2627	19
1855	2640	1
1855	2683	1
1855	2747	1
1855	2838	1
1855	2962	4
1855	3026	2
1855	3081	2
1855	3166	1
1855	3242	1
1855	3256	1
1855	3273	1
1855	3298	1
1855	3319	1
1855	3350	1
1855	3464	1
1855	3519	1
1855	3549	1
1855	3711	3
1855	3790	1
1855	3875	1
1855	3895	3
1855	3897	1
1855	3904	1
1855	3947	1
1855	3975	6
1855	4024	1
1855	4026	6
1855	4146	1
1855	4282	1
1855	4293	7
1855	4529	1
1855	4611	1
1855	4660	11
1855	4706	1
1855	4784	1
1855	4786	1
1855	4803	2
1855	4825	1
1855	4837	1
1855	4926	2
1855	4968	1
1855	5053	2
1856	1909	1
1856	2487	1
1856	2962	1
1860	2451	1
1860	2747	2
1860	3166	2
1861	2047	1
1861	2286	1
1861	2379	1
1861	2515	2
1861	2627	2
1861	3166	1
1861	4024	1
1861	4660	1
1861	5010	1
1862	4024	2
1863	3999	1
1884	3562	1
1887	4024	2
1901	2217	1
1901	4024	1
1901	4152	1
1901	4560	1
1901	4660	2
1902	2575	1
1902	3012	1
1902	4024	2
1902	5048	1
1907	2640	1
1907	3084	1
1907	4024	2
1907	4660	2
1909	2286	2
1909	2530	1
1909	2838	1
1909	4024	3
1909	4660	1
1912	2448	1
1912	2487	1
1912	2515	2
1912	2838	1
1912	3273	1
1912	3904	1
1912	4024	2
1912	5053	1
1924	3245	1
1953	2215	1
1953	2217	3
1953	2235	1
1953	2268	1
1953	2273	1
1953	2286	2
1953	2364	3
1953	2515	6
1953	2627	6
1953	2666	1
1953	2747	1
1953	2754	1
1953	2962	2
1953	3026	1
1953	3263	1
1953	3509	1
1953	3519	1
1953	3523	1
1953	3547	1
1953	3904	1
1953	3920	1
1953	3947	1
1953	4024	6
1953	4026	2
1953	4070	1
1953	4293	2
1953	4487	1
1953	4660	13
1953	4706	1
1953	5053	6
1990	4800	1
2018	2090	2
2018	2112	21
2018	2568	1
2018	2879	1
2018	3245	45
2018	4505	1
2018	4578	9
2018	4646	1
2033	2627	1
2033	2747	2
2033	4293	1
2033	4595	1
2034	2286	1
2034	2802	1
2034	2827	1
2034	3166	1
2034	4487	1
2034	4595	1
2047	2451	1
2047	3549	1
2047	3755	1
2047	4405	1
2049	2635	1
2049	3242	1
2049	3549	1
2049	4645	1
2054	2175	1
2054	2515	1
2112	2249	1
2112	3245	7
2112	4578	2
2136	3438	1
2136	4024	1
2141	2482	1
2141	2515	1
2141	2838	1
2141	4068	1
2141	4189	1
2145	2568	1
2145	2821	1
2145	2838	1
2145	2962	1
2145	4026	1
2145	4204	1
2145	4282	1
2145	4706	1
2145	5061	1
2159	2214	2
2159	2217	1
2159	2273	1
2159	2482	2
2159	3134	2
2159	3251	1
2159	4024	2
2159	4026	7
2159	4068	1
2159	4189	1
2159	4561	1
2159	4602	1
2159	4660	1
2159	5053	2
2164	2215	1
2164	2364	1
2168	4024	2
2174	3985	1
2174	4024	1
2174	4969	2
2175	2515	1
2175	2525	1
2175	3562	1
2175	3710	1
2175	4026	1
2177	3267	1
2177	3549	1
2177	4024	1
2177	4669	1
2177	4926	1
2183	4646	1
2188	4024	1
2193	2838	1
2193	4803	2
2196	2217	1
2196	3784	1
2196	4024	2
2196	4529	1
2196	4778	1
2214	2286	3
2214	2364	1
2214	2452	2
2214	2518	2
2214	2617	1
2214	3166	1
2214	3562	1
2214	3746	1
2214	3784	1
2214	3895	1
2214	4024	4
2214	4025	1
2214	4026	5
2214	4158	1
2214	4489	1
2214	4503	1
2214	4660	1
2214	5053	1
2215	2364	3
2215	2525	1
2215	2627	3
2215	2640	1
2215	2729	1
2215	2754	1
2215	2825	1
2215	3118	1
2215	3349	1
2215	3706	2
2215	3711	1
2215	3776	1
2215	3888	1
2215	4024	2
2215	4026	4
2215	4070	1
2215	4222	1
2215	4595	7
2215	4660	3
2215	4689	1
2215	4800	1
2215	5072	1
2217	2225	1
2217	2286	1
2217	2302	1
2217	2364	1
2217	2452	1
2217	2487	3
2217	2635	2
2217	2853	1
2217	2962	3
2217	3083	1
2217	3084	1
2217	3153	1
2217	3202	1
2217	3270	1
2217	3272	1
2217	3298	1
2217	3562	2
2217	3784	1
2217	4024	1
2217	4026	5
2217	4062	1
2217	4282	1
2217	4294	1
2217	4499	1
2217	4660	4
2217	5053	1
2224	2962	2
2225	2286	1
2225	2515	1
2225	2958	1
2225	3272	2
2225	4660	1
2225	5053	1
2247	3562	1
2247	4689	1
2247	4919	1
2254	3593	1
2254	4412	1
2258	3975	1
2258	4024	1
2258	4109	1
2258	4293	1
2258	4660	1
2264	2838	1
2264	4628	1
2264	4645	1
2264	4660	1
2264	5053	1
2268	2480	1
2268	2802	1
2268	2962	2
2268	2964	1
2268	3249	1
2268	3273	1
2268	3593	1
2268	4024	7
2268	4561	1
2268	4660	1
2268	5053	1
2268	5061	1
2284	2448	1
2284	2515	1
2284	2617	1
2284	2635	1
2284	2668	1
2284	3763	1
2284	4026	2
2284	4405	1
2286	2379	1
2286	2487	2
2286	2515	12
2286	2591	2
2286	2635	7
2286	2838	1
2286	2962	3
2286	3026	4
2286	3048	1
2286	3102	1
2286	3107	1
2286	3118	1
2286	3179	1
2286	3251	3
2286	3591	1
2286	3765	1
2286	4024	4
2286	4026	2
2286	4204	2
2286	4206	1
2286	4293	1
2286	4561	1
2286	4595	2
2286	4660	7
2286	4741	1
2286	5053	1
2295	4628	2
2297	2298	1
2297	3117	1
2297	3118	2
2297	3268	1
2297	4275	1
2298	2668	1
2298	3268	1
2298	3856	1
2298	4024	1
2298	4660	2
2302	4024	1
2304	4024	1
2304	4893	1
2330	5053	1
2331	4024	3
2333	2515	1
2336	3891	1
2336	4784	1
2356	3786	1
2356	3907	1
2356	4926	1
2358	3875	1
2364	2452	1
2364	2515	1
2364	2627	6
2364	2640	1
2364	2651	1
2364	2962	2
2364	3270	1
2364	3298	1
2364	3519	2
2364	3706	1
2364	3711	1
2364	4017	1
2364	4024	2
2364	4026	1
2364	4158	1
2364	4222	1
2364	4293	1
2364	4487	2
2364	4660	5
2364	4968	1
2364	5053	1
2379	2515	1
2379	4561	1
2381	2574	1
2381	3864	1
2381	3875	1
2381	4024	2
2383	3807	1
2383	3904	1
2387	4024	1
2387	4560	1
2400	4024	1
2404	2574	1
2404	2578	1
2404	2627	1
2404	3026	1
2404	3048	1
2404	3141	1
2404	4017	1
2404	4024	2
2448	2452	1
2448	2574	1
2448	2627	1
2448	2635	1
2448	2640	1
2448	2754	1
2448	2755	1
2448	2802	1
2448	3081	1
2448	3536	1
2448	3549	1
2448	3710	1
2448	3711	1
2448	3805	1
2448	3897	1
2448	3947	1
2448	3985	1
2448	3999	1
2448	4008	1
2448	4024	1
2448	4026	2
2448	4187	1
2448	4206	1
2448	4660	2
2448	4800	1
2448	4803	1
2448	4839	1
2450	4025	1
2451	2454	1
2451	2802	1
2451	3509	1
2451	3549	1
2451	3875	1
2451	3895	1
2451	4021	1
2451	4024	2
2451	4595	1
2451	4839	1
2452	3947	1
2452	4024	1
2452	4222	1
2453	4024	1
2453	4487	1
2454	3012	1
2455	2635	1
2455	3064	1
2455	3298	1
2455	3842	3
2455	4024	1
2455	4026	5
2455	4800	1
2456	3040	2
2456	4068	1
2456	4222	1
2456	4660	1
2457	4021	1
2457	4024	1
2457	4026	1
2457	4158	1
2457	4489	1
2457	4660	1
2458	3012	1
2458	4889	1
2468	3711	1
2468	4595	1
2480	2627	1
2480	3273	1
2480	4024	1
2480	4293	1
2480	4660	1
2482	2487	2
2482	2962	3
2482	3260	1
2482	4024	2
2482	4893	1
2482	5053	1
2482	5072	1
2487	2515	1
2487	2518	1
2487	2627	2
2487	2635	1
2487	2962	9
2487	3166	2
2487	3273	1
2487	3576	1
2487	3745	1
2487	3746	1
2487	4024	7
2487	4026	1
2487	4660	1
2487	4682	1
2491	3875	1
2496	4024	1
2514	2962	1
2514	4026	1
2515	2627	4
2515	2630	1
2515	2635	7
2515	2802	1
2515	2838	3
2515	2879	1
2515	2962	1
2515	3038	1
2515	3048	1
2515	3083	1
2515	3088	1
2515	3251	1
2515	3270	1
2515	3509	1
2515	3523	1
2515	3536	1
2515	3547	1
2515	3593	1
2515	3745	2
2515	3746	3
2515	3786	1
2515	3829	2
2515	3893	3
2515	3971	1
2515	4024	3
2515	4026	4
2515	4070	1
2515	4206	3
2515	4282	1
2515	4293	1
2515	4362	2
2515	4405	1
2515	4477	2
2515	4561	1
2515	4660	5
2515	4715	1
2515	4893	1
2515	4918	1
2515	5003	2
2515	5010	3
2515	5053	5
2518	2607	1
2518	2636	1
2518	3700	2
2518	4024	5
2518	4026	3
2518	4069	1
2518	4706	6
2525	2574	1
2525	3310	1
2525	3903	1
2525	4026	2
2525	4660	2
2549	3076	1
2549	3875	1
2549	4595	1
2561	3070	1
2568	3273	2
2568	4660	2
2572	3268	1
2572	3310	1
2572	3999	1
2574	2755	1
2574	2915	1
2574	3075	1
2574	3242	1
2574	3407	1
2574	3409	1
2574	4017	2
2574	4026	2
2574	4660	1
2574	4800	2
2574	4839	4
2575	3409	1
2575	3864	1
2575	4024	1
2578	3141	1
2591	4024	1
2599	4024	1
2605	3254	1
2605	4026	1
2607	4024	2
2607	4026	1
2609	4293	1
2617	4024	1
2617	4026	1
2617	4505	1
2617	4628	3
2617	4646	1
2620	3549	1
2627	2635	3
2627	2651	1
2627	2666	1
2627	2668	1
2627	2724	1
2627	2754	3
2627	2757	2
2627	2825	1
2627	2838	1
2627	2962	5
2627	3040	2
2627	3083	1
2627	3088	1
2627	3109	1
2627	3110	1
2627	3242	1
2627	3245	2
2627	3268	2
2627	3273	1
2627	3284	1
2627	3298	10
2627	3549	5
2627	3562	1
2627	3593	1
2627	3594	2
2627	3714	1
2627	3746	1
2627	3947	1
2627	3953	1
2627	4017	1
2627	4021	3
2627	4024	21
2627	4026	25
2627	4070	1
2627	4109	1
2627	4158	1
2627	4222	1
2627	4282	1
2627	4293	14
2627	4433	1
2627	4511	1
2627	4561	2
2627	4595	2
2627	4602	1
2627	4645	3
2627	4660	70
2627	4692	1
2627	4926	4
2627	4968	1
2627	5044	1
2627	5072	1
2630	2962	1
2630	3040	2
2630	3251	1
2630	3663	1
2630	3765	1
2630	4024	7
2630	4660	1
2630	5053	1
2634	2668	1
2634	3710	1
2634	4024	1
2634	4839	1
2635	2838	1
2635	2850	1
2635	2962	3
2635	2996	1
2635	3920	1
2635	4024	2
2635	4405	1
2635	4561	1
2635	4630	1
2635	4703	1
2635	5053	2
2636	3929	2
2636	4026	1
2636	4152	3
2636	4522	1
2637	4024	2
2640	2729	2
2640	2755	1
2640	3064	1
2640	3117	1
2640	3118	3
2640	4024	1
2640	4026	1
2640	4275	1
2641	4705	1
2651	2754	1
2651	2962	1
2651	3891	1
2651	4024	1
2651	4026	1
2651	4293	1
2651	4561	1
2651	4660	1
2666	2754	1
2666	4070	1
2668	3242	1
2668	4017	1
2668	4222	1
2683	2755	1
2683	3268	2
2683	3310	1
2686	2747	1
2686	4024	1
2692	2838	1
2692	3310	1
2692	4026	1
2692	4293	3
2692	4499	1
2692	4561	1
2724	3893	1
2729	2755	1
2729	3064	1
2729	3268	1
2729	3298	1
2729	4024	2
2729	4026	1
2729	4293	1
2747	3523	1
2747	3549	1
2747	3776	1
2747	4024	1
2747	4183	1
2747	4189	1
2747	4293	1
2747	4489	1
2747	4660	1
2747	4689	1
2750	4689	1
2754	3593	2
2754	3711	1
2754	3999	1
2754	4008	1
2754	4024	1
2754	4026	1
2754	4293	1
2754	4595	1
2754	4660	1
2755	3118	1
2755	3310	1
2755	3895	1
2755	4024	1
2755	4800	1
2755	4839	1
2757	3083	1
2757	3273	1
2757	3298	1
2757	3664	1
2757	4024	1
2757	4026	1
2757	4255	1
2757	4293	1
2757	4477	1
2757	4509	1
2757	4660	2
2757	5053	1
2802	3536	1
2802	4024	3
2821	3746	2
2821	4024	1
2825	4017	2
2825	4024	2
2825	4026	1
2827	2945	1
2827	3999	2
2835	2838	1
2838	2958	1
2838	3523	2
2838	3593	1
2838	3829	1
2838	4070	1
2838	4660	4
2838	5053	1
2850	3152	1
2850	4024	1
2853	3162	1
2860	4595	1
2860	4689	1
2879	5061	1
2915	3211	1
2915	4024	2
2930	4640	1
2945	3211	1
2945	4595	2
2945	4660	1
2945	4710	5
2945	4825	4
2945	4837	1
2952	3040	1
2952	4024	1
2958	3904	1
2958	4660	1
2962	3076	1
2962	3083	2
2962	3249	2
2962	3251	1
2962	3263	1
2962	3298	1
2962	3807	1
2962	3903	1
2962	3904	1
2962	3953	1
2962	4024	18
2962	4026	2
2962	4068	1
2962	4146	2
2962	4152	1
2962	4293	3
2962	4505	1
2962	4561	2
2962	4595	1
2962	4660	2
2962	4706	1
2962	4800	1
2962	5003	1
2962	5053	3
2974	3040	1
2996	3712	1
2996	4024	1
2996	4595	1
3001	3006	1
3001	3234	1
3006	3710	1
3006	4024	1
3012	3710	3
3012	3711	3
3012	4024	6
3012	4026	1
3012	5048	1
3012	5053	2
3026	3211	1
3026	3776	1
3026	3807	2
3026	4024	3
3026	4026	1
3026	4158	1
3031	4024	1
3031	4026	1
3031	4689	1
3038	4024	1
3040	3788	1
3040	4660	1
3040	4758	1
3040	4800	1
3040	4806	1
3048	3141	1
3048	4595	1
3056	4024	2
3064	3084	1
3064	3150	1
3064	3856	1
3064	4660	1
3070	3257	1
3070	3310	1
3070	3864	1
3070	4601	1
3073	3895	1
3073	4024	3
3076	3240	1
3076	4024	1
3076	4595	1
3083	3088	2
3083	3270	2
3083	3706	1
3083	3805	1
3083	3904	2
3083	3920	1
3083	4024	2
3083	4224	1
3083	4632	1
3083	5053	1
3084	4024	2
3084	4595	2
3084	4660	1
3084	4803	1
3091	4689	1
3097	4689	1
3107	3947	1
3107	4024	1
3107	4660	1
3109	4024	1
3109	4026	4
3110	4024	1
3110	4026	1
3110	4800	1
3117	4024	3
3118	3150	1
3118	3442	1
3134	3166	1
3141	3179	1
3141	3350	1
3141	4017	3
3141	4024	1
3150	3152	2
3150	3310	1
3150	3544	1
3150	4323	1
3153	3562	1
3153	4026	2
3153	4660	2
3155	4024	2
3155	4026	1
3155	4293	1
3155	4660	2
3162	3706	1
3162	3790	1
3166	3268	1
3166	4026	1
3166	4062	1
3166	4069	1
3166	4189	1
3166	4660	2
3166	4715	1
3166	4786	1
3181	4024	1
3181	4595	2
3211	4024	5
3211	4595	1
3211	4602	2
3211	4741	1
3240	3438	1
3240	4024	3
3240	4632	1
3242	4024	3
3242	4293	1
3245	4578	2
3249	4024	2
3249	4660	1
3251	4024	2
3251	4660	1
3251	5053	1
3254	4706	1
3256	4660	1
3263	4660	1
3267	3300	1
3267	5044	1
3268	3853	1
3268	4024	2
3268	4660	1
3270	3903	1
3270	4026	1
3270	4206	1
3272	4024	2
3272	4026	1
3272	4660	3
3273	3576	1
3273	4024	2
3273	4293	1
3273	4499	1
3273	4660	2
3273	5053	1
3273	5061	1
3274	4024	1
3274	4026	1
3274	4282	1
3284	4436	1
3284	4595	3
3298	3765	1
3298	4024	6
3298	4026	1
3298	4070	1
3298	4293	9
3298	4660	8
3298	4803	1
3300	4952	1
3303	3975	1
3310	4187	1
3310	4660	1
3319	4024	1
3337	4024	1
3337	4026	1
3337	4561	1
3340	4026	1
3349	4024	4
3349	4831	1
3349	4926	2
3349	5048	1
3350	4024	1
3360	4323	1
3360	5072	1
3407	3409	3
3407	3864	1
3407	4024	1
3407	4436	1
3407	4825	1
3409	3864	4
3409	4024	1
3409	4275	1
3409	4839	1
3425	4024	1
3438	3710	1
3438	3883	3
3438	4021	1
3438	4024	1
3438	4026	1
3438	4611	1
3442	4026	1
3464	4632	1
3509	4024	1
3511	4024	1
3511	4026	1
3511	4856	1
3519	4204	1
3519	4660	1
3523	3999	1
3523	4302	1
3523	4660	1
3536	4693	1
3544	4024	1
3548	4024	1
3549	3691	1
3549	4024	6
3549	4026	1
3549	4511	1
3549	4595	4
3549	4644	1
3549	4660	2
3549	4669	1
3549	4800	1
3549	4926	4
3562	3563	4
3562	4021	1
3562	4023	1
3562	4024	2
3562	4026	1
3562	4499	1
3562	4660	1
3562	4919	7
3563	4024	1
3576	4024	2
3576	5061	1
3591	4660	1
3591	5053	1
3593	3947	1
3593	4024	3
3593	4561	2
3593	4660	4
3594	4660	1
3620	3999	1
3655	3664	1
3655	4026	2
3663	3664	1
3664	4024	1
3691	4024	2
3691	4026	1
3691	4616	1
3691	4660	1
3700	4706	1
3702	4024	2
3702	4273	1
3706	4024	2
3706	4117	1
3706	4529	1
3710	3897	1
3710	4024	2
3710	4595	1
3710	5048	2
3711	4026	1
3711	4595	1
3711	4616	1
3711	4839	1
3711	5048	1
3712	4024	1
3721	4024	1
3721	5053	1
3745	3746	1
3746	4024	1
3746	4293	1
3755	4302	1
3764	4024	1
3765	4024	4
3765	4187	1
3765	4660	2
3765	4733	1
3765	5053	1
3776	4024	1
3776	4806	1
3784	4024	2
3786	4024	1
3789	4024	1
3789	4158	1
3789	5013	1
3790	4825	1
3842	4024	1
3853	4012	1
3853	4926	1
3864	4741	1
3867	4601	1
3875	3999	2
3875	4021	2
3875	4024	1
3875	4784	1
3875	4831	1
3875	5039	1
3879	4073	1
3879	4595	1
3891	3895	1
3891	3999	1
3891	4006	1
3891	4240	1
3891	4595	2
3895	4026	1
3895	4482	1
3895	4595	5
3895	4660	13
3895	4839	1
3895	5039	1
3897	4240	1
3897	4595	4
3903	3904	1
3903	3920	1
3903	4024	2
3903	4026	1
3904	4024	1
3904	4152	1
3904	4595	1
3907	5033	1
3920	4024	1
3947	3953	1
3947	4024	2
3947	4706	1
3947	4806	1
3947	5053	1
3953	4024	1
3953	4026	1
3975	4026	2
3975	4505	1
3975	4660	1
3985	4024	1
3985	4282	1
3999	4008	1
3999	4595	1
3999	4660	1
3999	4710	1
3999	4831	1
4002	4006	1
4002	4926	1
4006	4024	1
4006	4595	1
4006	4660	1
4012	4595	1
4017	4800	1
4021	4026	2
4024	4025	1
4024	4026	25
4024	4028	1
4024	4061	1
4024	4117	3
4024	4152	1
4024	4158	1
4024	4183	1
4024	4220	2
4024	4224	2
4024	4273	1
4024	4275	1
4024	4282	1
4024	4293	5
4024	4299	1
4024	4309	1
4024	4323	1
4024	4405	1
4024	4433	1
4024	4443	1
4024	4503	1
4024	4509	1
4024	4511	3
4024	4522	2
4024	4529	2
4024	4560	1
4024	4561	3
4024	4601	2
4024	4602	2
4024	4630	1
4024	4634	2
4024	4640	1
4024	4646	2
4024	4660	38
4024	4669	2
4024	4689	2
4024	4741	1
4024	4784	3
4024	4786	3
4024	4803	1
4024	4806	1
4024	4825	2
4024	4839	5
4024	4918	2
4024	4926	2
4024	4952	1
4024	4967	3
4024	4968	2
4024	5003	3
4024	5039	1
4024	5044	1
4024	5046	1
4024	5048	4
4024	5061	1
4024	5072	2
4026	4073	1
4026	4204	1
4026	4206	2
4026	4282	3
4026	4293	2
4026	4412	2
4026	4489	1
4026	4509	1
4026	4561	2
4026	4595	2
4026	4601	2
4026	4660	19
4026	4689	1
4026	4839	1
4026	4893	1
4026	4926	2
4026	4968	1
4028	4595	1
4028	4645	1
4068	4660	1
4068	5053	1
4070	4293	3
4070	4499	1
4070	5072	2
4109	4889	1
4150	5010	1
4152	5053	2
4158	4491	1
4158	4560	1
4158	5053	1
4183	4660	1
4189	4660	2
4206	4433	1
4206	4595	1
4206	4660	1
4206	4784	1
4222	4660	1
4222	5053	1
4240	4595	1
4240	4640	1
4240	4839	1
4240	5039	1
4275	4660	1
4293	4509	1
4293	4595	1
4293	4660	20
4293	4841	1
4293	5053	1
4293	5072	1
4302	4660	2
4323	4660	1
4362	4405	1
4412	4660	1
4433	4710	1
4443	4784	1
4477	5053	1
4487	4660	1
4487	5053	2
4490	4733	1
4491	4760	1
4492	4710	1
4499	4660	1
4503	4660	2
4511	4595	1
4529	4786	1
4550	4882	1
4560	5053	1
4561	4660	3
4561	4682	1
4561	4803	1
4561	4918	2
4595	4601	1
4595	4660	4
4595	4741	1
4595	4825	3
4595	4839	4
4595	5039	2
4601	4660	2
4601	5053	1
4611	4660	1
4616	5048	1
4628	4646	3
4631	4632	1
4640	4952	1
4640	5044	1
4660	4689	1
4660	4800	1
4660	4803	2
4660	4841	1
4660	4926	2
4660	4967	1
4660	4968	3
4660	4969	2
4660	5033	1
4660	5044	1
4660	5053	8
4710	4837	1
4745	4800	1
4786	4800	2
4800	4926	1
4800	4960	3
4803	5044	1
4839	5048	1
4893	5053	1
4926	4952	1
4926	5053	1
