id	label	x	y	cluster	weight<Links>	weight<Total link strength>	weight<Documents>	weight<Citations>	weight<Norm. citations>	score<Avg. pub. year>	score<Avg. citations>	score<Avg. norm. citations>
32	academic emergency medicine	0.0544	-0.2846	9	12	14	15	714	12.0706	2012	47.6	0.8047
35	academic radiology	-0.1562	-0.2238	7	5	7	6	83	3.8679	2011.5	13.8333	0.6447
53	acta anaesthesiologica scandinavica	0.2862	-0.0624	3	6	7	11	272	4.8732	2012.2727	24.7273	0.443
70	acta neuropsychiatrica	-0.1672	0.0654	9	2	2	5	14	1.814	2018	2.8	0.3628
75	acta orthopaedica	1.0487	0.0599	2	2	2	5	274	5.2744	2012.6	54.8	1.0549
81	acta paediatrica	-0.0162	-0.6533	24	1	1	8	455	5.0437	2014.75	56.875	0.6305
83	acta psychiatrica scandinavica	-0.3996	0.3668	15	5	5	9	358	10.4692	2014.6667	39.7778	1.1632
85	acta tropica	0.7228	-0.2165	12	1	1	5	63	3.4397	2017	12.6	0.6879
88	actas urologicas espanolas	0.1131	0.3328	10	6	10	13	290	6.0092	2015.0769	22.3077	0.4622
90	acupuncture in medicine	-0.2276	-0.2902	24	7	8	7	83	1.6006	2011.2857	11.8571	0.2287
93	addiction	-0.1588	-0.0437	9	14	18	23	4018	75.2081	2013.913	174.6957	3.2699
118	advances in experimental medicine and biology	-0.3457	-0.4844	16	3	3	5	768	14.1166	2015.2	153.6	2.8233
127	advances in nutrition	-0.2845	-0.3204	7	7	7	16	191	17.4129	2018.9375	11.9375	1.0883
139	advances in therapy	-0.1418	-0.5808	6	7	7	6	10	1.21	2017.5	1.6667	0.2017
144	aesthetic plastic surgery	0.7716	0.3705	26	4	4	6	20	9.9941	2019.8333	3.3333	1.6657
145	aesthetic surgery journal	0.7528	0.3541	26	5	5	8	102	4.8944	2016.5	12.75	0.6118
163	aggression and violent behavior	-0.6451	-0.2084	1	1	1	11	399	17.7846	2015.3636	36.2727	1.6168
164	aging & mental health	-0.0473	0.0656	28	3	3	6	256	7.5453	2014.1667	42.6667	1.2575
173	aids and behavior	-1.1336	0.5927	4	3	3	7	299	7.1688	2015.7143	42.7143	1.0241
174	aids care-psychological and socio-medical aspects of aids\/hiv	-0.6324	0.2557	18	5	5	6	306	6.9525	2012.8333	51	1.1588
192	alimentary pharmacology & therapeutics	-0.0617	-0.143	22	2	2	5	189	15.6502	2015	37.8	3.13
195	allergy	-0.2299	-0.5251	6	5	5	5	624	17.5831	2014.8	124.8	3.5166
214	american journal of clinical dermatology	-0.1235	-0.1246	22	1	1	7	85	7.0006	2015	12.1429	1.0001
220	american journal of emergency medicine	0.7776	-0.1123	14	3	3	12	112	31.6176	2018.5	9.3333	2.6348
224	american journal of geriatric pharmacotherapy	-0.0515	0.2383	5	6	7	5	789	11.3015	2008.4	157.8	2.2603
227	american journal of health promotion	-0.5182	-0.0388	13	2	2	7	319	6.1924	2009	45.5714	0.8846
235	american journal of infection control	-0.1088	-0.655	1	8	11	12	110	5.1038	2016.1667	9.1667	0.4253
243	american journal of obstetrics and gynecology	0.1023	-0.5226	10	6	8	13	468	16.2064	2013.6154	36	1.2466
244	american journal of occupational therapy	-0.1589	-0.0974	9	3	3	18	169	9.4423	2015.5	9.3889	0.5246
246	american journal of orthodontics and dentofacial orthopedics	-0.0563	-0.4382	1	11	18	13	667	8.6583	2011.2308	51.3077	0.666
248	american journal of otolaryngology	0.5641	-1.3539	24	1	1	8	70	10.5844	2017.25	8.75	1.3231
250	american journal of physical medicine & rehabilitation	-0.2699	0.0256	23	15	16	11	246	6.7597	2015.3636	22.3636	0.6145
253	american journal of preventive medicine	-0.5051	-0.0597	7	35	44	38	4322	74.4532	2009.2632	113.7368	1.9593
256	american journal of public health	-0.2944	-0.0992	7	12	13	8	715	13.145	2009.25	89.375	1.6431
259	american journal of rhinology & allergy	0.5642	-1.3534	24	1	1	5	56	2.9763	2016.8	11.2	0.5953
260	american journal of roentgenology	-0.2766	-0.1374	19	9	12	6	260	4.473	2013	43.3333	0.7455
263	american journal of sports medicine	0.917	-0.0657	2	13	37	22	890	45.9639	2016.3182	40.4545	2.0893
268	american journal of tropical medicine and hygiene	-1.8553	1.1671	31	1	1	6	95	2.9281	2014.8333	15.8333	0.488
285	anesthesia & analgesia	0.063	-0.1306	13	10	11	16	968	18.1723	2013.625	60.5	1.1358
294	annali dell'istituto superiore di sanità	-0.5021	-0.1641	4	11	13	5	44	1.9452	2015.8	8.8	0.389
298	annals of allergy asthma & immunology	0.0767	-0.177	22	5	5	12	116	4.303	2014.6667	9.6667	0.3586
300	annals of behavioral medicine	-0.4139	-0.0741	7	11	16	8	1063	9.838	2008.375	132.875	1.2297
309	annals of emergency medicine	0.021	-0.6933	37	14	18	22	557	13.9632	2011.1364	25.3182	0.6347
310	annals of epidemiology	-0.0165	-0.6412	24	5	5	7	217	5.9334	2013.5714	31	0.8476
311	annals of family medicine	-0.1836	-0.2089	19	7	7	9	542	16.1514	2012.1111	60.2222	1.7946
320	annals of internal medicine	-0.2207	0.0549	18	89	128	21	3239	59.799	2011.0952	154.2381	2.8476
328	annals of oncology	0.0597	-0.0183	14	7	7	11	525	23.4271	2014.5455	47.7273	2.1297
332	annals of pharmacotherapy	-0.238	0.2915	5	15	16	27	988	17.4289	2009.7407	36.5926	0.6455
333	annals of physical and rehabilitation medicine	0.351	0.2598	5	10	10	17	174	6.6575	2014.7059	10.2353	0.3916
336	annals of surgery	0.3052	-0.4024	8	5	5	8	339	7.725	2015.625	42.375	0.9656
337	annals of surgical oncology	1.0687	-0.436	28	3	5	7	122	13.1253	2018.4286	17.4286	1.875
342	annals of the rheumatic diseases	0.3486	-0.2112	19	23	46	122	5612	181.8192	2016.1721	46	1.4903
343	annals of the royal college of surgeons of england	-0.2164	-0.2546	33	1	1	7	145	3.1507	2014	20.7143	0.4501
348	annals of vascular surgery	0.6998	-0.5016	8	3	5	13	91	8.5006	2017.9231	7	0.6539
366	anz journal of surgery	-0.1722	-0.2303	7	4	4	21	268	8.0423	2017.381	12.7619	0.383
378	applied health economics and health policy	0.1979	2.7749	34	5	6	13	28	2.3378	2017.3077	2.1538	0.1798
393	arab journal of urology	2.5358	0.0984	30	2	2	7	34	3.655	2018.4286	4.8571	0.5221
396	archives of clinical neuropsychology	-0.217	0.4469	5	4	4	5	28	1.9523	2015	5.6	0.3905
400	archives of disease in childhood	0.2675	-0.4699	3	5	9	47	784	19.2951	2015.1064	16.6809	0.4105
413	archives of oral biology	-0.1549	-0.7459	1	7	9	10	141	8.0838	2017.1	14.1	0.8084
414	archives of orthopaedic and trauma surgery	1.0661	-0.0539	2	2	2	9	54	11.228	2018.8889	6	1.2476
416	archives of otolaryngology-head & neck surgery	3.1002	0.7024	27	1	1	13	239	17.6913	2018.1538	18.3846	1.3609
418	archives of physical medicine and rehabilitation	0.2055	0.2078	2	27	45	29	3752	60.7511	2013.2759	129.3793	2.0949
441	arthritis care and research	0.5013	-0.2014	11	29	33	13	3359	69.5347	2016.0769	258.3846	5.3488
443	arthroplasty today	1.0466	0.0582	2	3	3	5	37	2.3655	2019.6	7.4	0.4731
444	arthroscopy	0.865	-0.0966	2	19	68	84	2026	108.9754	2016.9286	24.119	1.2973
445	"arthroscopy, sports medicine, and rehabilitation"	0.9118	-0.0055	2	2	2	6	1	0.5171	2020	0.1667	0.0862
471	asian pacific journal of cancer prevention	0.723	-0.3687	28	1	1	7	65	1.7126	2014.1429	9.2857	0.2447
480	association for information science and technology	-0.4979	0.2712	20	11	12	5	78	2.544	2015.8	15.6	0.5088
499	australian & new zealand journal of obstetrics & gynaecology	-0.2341	0.3615	5	3	3	7	179	5.4836	2015	25.5714	0.7834
501	australian and new zealand journal of psychiatry	-0.2305	0.1368	9	11	12	12	880	24.6112	2009.9167	73.3333	2.0509
502	australian and new zealand journal of public health	-0.0618	0.2359	5	5	5	9	103	3.6144	2011.3333	11.4444	0.4016
503	australian critical care	-0.5769	0.2798	18	10	14	8	111	1.9625	2014.625	13.875	0.2453
506	australian health review	-0.429	0.1763	5	21	30	24	469	23.895	2015.4167	19.5417	0.9956
522	autoimmunity reviews	0.7307	0.1343	2	1	1	5	137	4.6695	2017.4	27.4	0.9339
545	benchmarking: an international journal	-1.0117	0.3532	18	2	3	7	30	3.6758	2019.2857	4.2857	0.5251
549	best practice & research in clinical obstetrics & gynaecology	-0.0403	-0.1815	6	30	49	5	2785	5.9207	2006.8	557	1.1841
550	best practice & research: clinical rheumatology	0.3592	-0.1588	11	7	10	5	181	3.4857	2013.6	36.2	0.6971
571	biology of blood and marrow transplantation	-0.1977	0.5465	20	1	1	5	40	6.7738	2019.2	8	1.3548
573	biomed research international	0.3097	-0.087	3	5	6	19	112	9.7195	2017.6316	5.8947	0.5116
579	biorxiv	-0.0385	-0.0698	18	2	2	7	1	0.0817	2018.5714	0.1429	0.0117
584	bipolar disorders	-0.7551	0.5663	21	2	2	8	311	10.7103	2014.625	38.875	1.3388
588	bja: british journal of anaesthesia	0.4023	-0.5651	8	4	4	8	174	8.8877	2015	21.75	1.111
593	bjui	-0.0223	0.0445	10	14	48	31	881	36.7658	2014.9355	28.4194	1.186
595	blood	0.2002	0.196	14	7	8	39	956	17.2373	2013.5385	24.5128	0.442
602	bmc cancer	3.1195	0.6238	27	1	2	7	75	5.7397	2017.7143	10.7143	0.82
604	bmc complementary and alternative medicine	0.2772	0.007	9	9	13	9	156	5.0885	2013.4444	17.3333	0.5654
607	bmc family practice	-0.3262	0.4247	20	10	11	14	235	10.2194	2016.0714	16.7857	0.73
609	bmc geriatrics	-0.1961	0.4144	5	10	14	11	628	35.1734	2017.9091	57.0909	3.1976
610	bmc health services research	-0.3439	0.0638	29	64	122	52	2907	97.9915	2016.1154	55.9038	1.8845
611	bmc infectious diseases	-0.7393	0.3279	29	7	8	14	495	17.4267	2015.9286	35.3571	1.2448
613	bmc medical education	0.1109	-0.2848	8	8	11	7	129	7.2554	2016.1429	18.4286	1.0365
615	bmc medical informatics and decision making	-0.6571	0.03	4	16	19	9	1026	16.5749	2012.6667	114	1.8417
616	bmc medical research methodology	0.2712	0.1368	35	158	454	51	7199	157.3594	2014.8431	141.1569	3.0855
617	bmc medicine	-0.2887	-0.168	6	38	70	20	1278	43.2143	2015.9	63.9	2.1607
618	bmc musculoskeletal disorders	0.8098	-0.0697	2	7	7	11	313	9.3112	2016.2727	28.4545	0.8465
619	bmc nephrology	-0.8894	2.0632	41	1	1	5	45	3.3383	2017.2	9	0.6677
620	bmc neurology	0.1973	0.1234	3	6	8	6	232	7.6396	2017	38.6667	1.2733
621	bmc nursing	-0.6881	0.0602	4	8	12	5	57	2.228	2016.2	11.4	0.4456
625	bmc oral health	-0.2839	-0.5216	1	4	4	7	138	5.3069	2017.7143	19.7143	0.7581
628	bmc pregnancy and childbirth	-0.4366	0.2955	20	12	16	23	557	15.924	2015.7826	24.2174	0.6923
630	bmc psychiatry	-0.2646	0.094	9	15	21	19	1778	32.1594	2015.8947	93.5789	1.6926
632	bmc public health	-0.4361	-0.0677	7	38	51	32	1100	35.2665	2015.625	34.375	1.1021
634	bmc research notes	-0.5222	-0.2903	23	22	27	10	265	6.7477	2015	26.5	0.6748
639	bmj	0.4233	-0.0323	30	259	538	121	21462	533.9016	2009.4628	177.3719	4.4124
640	bmj evidence-based medicine	0.1188	-0.0159	14	16	21	35	51	8.0893	2018.8	1.4571	0.2311
641	bmj global health	-0.7462	0.1442	4	9	12	18	140	23.9178	2019.0556	7.7778	1.3288
645	bmj military health	-0.6003	-0.0732	7	1	1	5	1	0.5171	2020	0.2	0.1034
647	bmj open	0.2197	0.121	36	146	469	465	3164	196.025	2018.2581	6.8043	0.4216
655	bmj quality & safety	-0.5619	-0.1899	16	9	11	20	799	24.9494	2014	39.95	1.2475
667	brain injury	0.3785	0.2488	2	4	9	10	260	6.2716	2013.7	26	0.6272
669	brain sciences	-0.4405	-0.2262	16	1	1	5	12	4.8141	2019.8	2.4	0.9628
680	breast cancer research and treatment	-0.1766	0.414	20	5	7	6	168	5.6227	2014.1667	28	0.9371
685	british dental journal	-0.2273	-0.391	1	2	2	7	163	2.7895	2010.5714	23.2857	0.3985
688	british journal of cancer	-0.3456	0.0019	13	5	7	5	880	14.47	2009.4	176	2.894
690	british journal of clinical pharmacology	-0.3498	0.517	20	8	10	9	277	9.3633	2013.3333	30.7778	1.0404
692	british journal of dermatology	0.5014	-0.1456	28	3	3	12	187	13.3727	2016.6667	15.5833	1.1144
695	british journal of general practice	-0.2941	0.4683	5	1	1	8	108	2.6237	2014	13.5	0.328
702	british journal of nursing	-0.644	-0.1075	4	3	3	6	41	1.2252	2012.3333	6.8333	0.2042
703	british journal of nutrition	-0.2586	-0.5023	6	7	7	10	336	9.4401	2013.8	33.6	0.944
704	british journal of obstetrics and gynaecology	-0.0146	-0.5956	6	4	4	12	489	19.8727	2013.9167	40.75	1.6561
709	british journal of psychiatry	-0.222	0.4125	15	7	8	9	810	14.0804	2008.8889	90	1.5645
710	british journal of radiology	-0.4045	-0.5232	1	9	10	5	134	3.778	2012.4	26.8	0.7556
714	british journal of sports medicine	0.5882	-0.0444	2	22	43	66	2850	137.2464	2016.3182	43.1818	2.0795
715	british journal of surgery	0.3296	-0.5054	8	18	22	20	1315	29.5726	2012.75	65.75	1.4786
716	british medical bulletin	0.191	-0.0603	9	5	6	11	182	7.6799	2014.2727	16.5455	0.6982
722	bulletin of the world health organization	-0.3771	-0.0376	13	5	5	10	255	7.337	2012.5	25.5	0.7337
725	burns	0.8371	0.4024	26	1	3	10	229	5.5862	2011.3	22.9	0.5586
738	campbell systematic reviews	-0.9667	-0.07	32	3	5	10	335	5.4276	2013.2	33.5	0.5428
744	canadian journal of anaesthesia-journal canadien d anesthesie	-0.3723	1.3309	34	2	2	6	51	3.2955	2013.5	8.5	0.5492
745	canadian journal of cardiology	-1.3395	-0.4002	33	1	1	6	180	4.8678	2011.6667	30	0.8113
747	canadian journal of emergency medicine	0.0338	-0.8012	37	5	7	8	84	2.2095	2011.25	10.5	0.2762
751	canadian journal of neurological sciences	-0.1262	-0.2914	22	5	6	6	238	8.1859	2014.3333	39.6667	1.3643
758	canadian journal of surgery	0.736	-0.0484	2	1	1	7	38	1.4896	2017.5714	5.4286	0.2128
759	canadian medical association journal	-0.6132	-0.0287	4	4	4	5	291	21.858	2010.8	58.2	4.3716
764	canadian psychology	-0.7054	0.5235	21	1	1	6	22	0.6647	2013.8333	3.6667	0.1108
768	cancer	0.1291	0.073	10	18	20	10	1756	29.6833	2010.4	175.6	2.9683
773	"cancer epidemiology, biomarkers & prevention"	-0.3207	-0.2458	7	1	1	5	33	1.4574	2015.2	6.6	0.2915
781	cancer research	0.3614	-0.5501	8	1	1	7	19	1.4553	2015.1429	2.7143	0.2079
784	cancer treatment reviews	0.1281	0.0137	12	17	17	9	484	9.2613	2012.3333	53.7778	1.029
785	cancers	0.7228	-0.3691	28	1	1	9	48	5.1716	2019.2222	5.3333	0.5746
818	chest	0.0538	0.0475	3	13	14	21	1994	42.635	2012.3333	94.9524	2.0302
819	child abuse & neglect	-0.1875	0.1689	5	3	3	9	191	6.7754	2015.8889	21.2222	0.7528
824	child care health and development	-0.3977	-0.0959	7	6	6	12	654	14.2077	2013.3333	54.5	1.184
833	children and youth services review	-0.4925	-0.0765	1	4	5	9	198	4.1822	2016.3333	22	0.4647
836	childs nervous system	3.1101	0.6636	27	1	1	5	11	5.8753	2020	2.2	1.1751
882	chiropractic & manual therapies	0.224	-0.102	22	14	16	12	295	9.1848	2014.25	24.5833	0.7654
888	ciencia & saude coletiva	0.1529	1.0432	34	1	1	5	10	0.3108	2015.4	2	0.0622
892	circulation	-0.046	-0.1002	3	9	12	11	3045	46.599	2011.8182	276.8182	4.2363
922	clinical and translational imaging	-0.1508	-0.0533	13	2	2	6	52	1.8383	2016.5	8.6667	0.3064
932	clinical chemistry	2.8363	2.3627	42	5	6	11	692	12.0199	2013.2727	62.9091	1.0927
934	clinical child and family psychology review	-0.4846	0.2581	15	3	4	7	134	3.6969	2017.1429	19.1429	0.5281
941	clinical endocrinology	-0.292	-0.3761	6	4	6	6	196	5.4106	2014.6667	32.6667	0.9018
949	clinical implant dentistry and related research	-0.073	-0.6748	1	8	9	7	116	2.5214	2012.8571	16.5714	0.3602
950	clinical infectious diseases	0.0192	-0.3944	17	13	19	20	2589	102.9958	2013.5	129.45	5.1498
954	clinical journal of oncology nursing	0.0681	0.1485	12	4	4	8	97	2.0828	2014.375	12.125	0.2603
955	clinical journal of sport medicine	0.9969	-0.2153	11	3	3	5	128	3.9115	2015.8	25.6	0.7823
965	clinical microbiology and infection	0.2495	-0.4448	17	5	8	11	162	14.8336	2018.2727	14.7273	1.3485
967	clinical neurology and neurosurgery	0.4281	0.2972	2	3	3	14	44	4.1298	2018.4286	3.1429	0.295
972	clinical nursing research	-0.0509	0.2069	21	5	5	5	86	3.8113	2012.8	17.2	0.7623
974	clinical nutrition	0.1534	-0.3184	3	8	8	8	393	55.0947	2018.125	49.125	6.8868
975	clinical nutrition espen	-0.3465	-0.4722	6	2	3	10	27	5.0396	2018.7	2.7	0.504
978	clinical oncology	0.2312	0.2102	10	2	3	7	196	4.4081	2013.4286	28	0.6297
980	clinical oral implants research	-0.0868	-0.7142	1	8	10	20	844	16.1553	2012.9	42.2	0.8078
981	clinical oral investigations	-0.2062	-0.6355	1	7	7	11	125	10.3237	2018.8182	11.3636	0.9385
982	clinical orthopaedics and related research	0.2797	-0.0035	3	11	16	9	150	2.4716	2012.3333	16.6667	0.2746
983	clinical otolaryngology	0.2732	-0.4909	3	5	5	22	244	7.281	2014.6364	11.0909	0.331
988	clinical psychology review	-0.3783	0.1928	15	16	18	16	2312	53.8142	2013.875	144.5	3.3634
991	clinical rehabilitation	0.1435	0.1871	5	10	12	10	861	9.5097	2007.9	86.1	0.951
995	clinical rheumatology	0.4668	-0.2234	11	2	2	7	180	8.568	2012.8571	25.7143	1.224
998	clinical therapeutics	-0.0462	-0.2042	19	11	16	35	1792	33.4558	2010.7714	51.2	0.9559
1012	cns drugs	2.0243	0.9349	36	2	2	6	199	4.8426	2015.1667	33.1667	0.8071
1017	cochrane database of systematic reviews	-0.0014	0.2347	34	134	285	165	10571	250.7608	2013.8061	64.0667	1.5198
1029	colorectal disease	0.3391	-0.4212	8	11	17	20	823	23.5035	2014.6	41.15	1.1752
1043	complementary therapies in clinical practice	0.0177	-0.0289	10	6	6	6	58	5.4503	2017.8333	9.6667	0.9084
1044	complementary therapies in medicine	-0.0933	0.0877	18	16	21	16	163	9.1479	2016.6875	10.1875	0.5717
1056	computer methods and programs in biomedicine	-1.8025	0.1705	4	7	10	7	133	22.1183	2018.7143	19	3.1598
1083	conservation biology	-0.9436	0.4644	32	3	8	6	423	10.7101	2014.3333	70.5	1.785
1118	critical care	0.2326	-0.3262	14	14	17	8	411	11.2953	2014.75	51.375	1.4119
1121	critical care medicine	0.7314	-0.113	14	7	7	9	564	194.8616	2015.1111	62.6667	21.6513
1125	critical reviews in food science and nutrition	-0.2914	-0.4617	6	3	3	5	130	8.0894	2017.6	26	1.6179
1126	critical reviews in oncology hematology	-0.2275	-0.2017	16	6	6	12	285	9.252	2014.4167	23.75	0.771
1133	cuaj-canadian urological association journal	0.2336	0.2149	10	2	3	10	152	4.8427	2015.9	15.2	0.4843
1136	cureus	0.1054	0.0572	10	8	10	28	69	5.419	2018.6786	2.4643	0.1935
1148	current diabetes reviews	-0.1396	-0.72	1	3	3	10	76	5.234	2016.2	7.6	0.5234
1158	current medical research and opinion	-0.0979	-0.238	19	3	3	16	447	10.0304	2010.75	27.9375	0.6269
1164	current oncology	0.0951	0.1238	12	8	9	30	503	20.4942	2015.7	16.7667	0.6831
1167	current opinion in clinical nutrition and metabolic care	2.5424	-0.0072	30	2	2	6	46	2.845	2014.5	7.6667	0.4742
1173	current opinion in obstetrics & gynecology	-0.3956	-0.0821	23	4	4	5	49	0.6335	2005	9.8	0.1267
1178	current opinion in psychiatry	-0.2017	0.2557	5	3	3	7	576	6.9933	2009.8571	82.2857	0.999
1186	current pain and headache reports	0.4743	-0.1088	11	2	2	6	75	2.7952	2014.1667	12.5	0.4659
1190	current pharmaceutical design	0.0628	-0.1171	13	3	3	11	53	2.574	2017.0909	4.8182	0.234
1195	current psychiatry reports	-0.4079	0.0756	7	3	3	5	70	3.4451	2013.8	14	0.689
1234	dental press journal of orthodontics	-0.1047	-0.7775	1	1	1	6	56	1.466	2012.5	9.3333	0.2443
1242	depression and anxiety	-0.4941	0.2614	15	5	5	5	189	4.1225	2016	37.8	0.8245
1257	deutsches arzteblatt international	-0.0819	-0.0894	9	8	13	21	514	19.3267	2014.4762	24.4762	0.9203
1261	developmental medicine & child neurology	0.3162	0.4101	5	5	5	14	645	12.2257	2012.5	46.0714	0.8733
1265	diabetes care	-0.0452	-0.2196	19	1	1	5	680	7.2435	2007.2	136	1.4487
1266	diabetes research and clinical practice	-0.4221	0.6297	20	6	7	7	149	11.9106	2017.4286	21.2857	1.7015
1271	diabetes-metabolism research and reviews	0.8774	-0.3987	11	9	12	15	595	63.0961	2017.5333	39.6667	4.2064
1272	diabetic medicine	-0.3003	0.0287	6	9	13	12	686	16.3947	2012.6667	57.1667	1.3662
1274	diagnostic and prognostic research	-0.0239	1.2485	31	3	3	5	29	3.8786	2018.4	5.8	0.7757
1290	disability and rehabilitation	0.2516	-0.0565	2	5	5	10	414	7.8586	2012.5	41.4	0.7859
1298	diseases of the esophagus	0.3514	-0.3842	8	3	3	9	122	9.6769	2016.6667	13.5556	1.0752
1309	drug and alcohol dependence	-0.0327	-0.1945	9	3	5	6	169	4.8266	2014	28.1667	0.8044
1310	drug and alcohol review	-0.6081	-0.3761	23	3	4	7	70	2.7978	2014.7143	10	0.3997
1314	drug safety	0.1596	-0.0133	9	11	12	11	801	9.8563	2010.2727	72.8182	0.896
1316	drugs	0.2432	-0.0462	3	3	3	7	90	5.211	2015.4286	12.8571	0.7444
1324	dysphagia	0.1191	-0.4589	10	4	5	6	462	13.7614	2014.8333	77	2.2936
1332	early intervention in psychiatry	-0.3071	0.1203	9	4	5	5	42	2.8953	2017.6	8.4	0.5791
1362	efsa supporting publications	-1.2626	-0.0468	38	4	7	5	20	0.9594	2015.2	4	0.1919
1368	ejso	0.6738	-0.4066	28	4	4	8	181	5.4603	2015.25	22.625	0.6825
1376	emergency medicine australasia	0.4052	-0.0173	2	8	9	5	70	4.0426	2017	14	0.8085
1378	emergency medicine journal	0.8846	0.4968	34	4	4	14	327	4.7646	2012.2143	23.3571	0.3403
1385	empirical software engineering	-2.0352	0.1826	25	12	93	9	281	11.6421	2015.6667	31.2222	1.2936
1386	empirical software engineering and measurement	-2.2702	0.2323	25	13	102	17	362	6.8264	2013.2353	21.2941	0.4016
1422	environment international	-0.3238	0.3949	10	12	68	25	406	42.1889	2018.16	16.24	1.6876
1429	environmental evidence	-0.8731	0.4165	32	16	28	30	492	20.3273	2016.9	16.4	0.6776
1430	environmental health	-0.0485	0.2689	10	8	8	9	450	16.2386	2016.7778	50	1.8043
1432	environmental health perspectives	-0.1746	0.1437	18	4	4	11	443	5.922	2011.3636	40.2727	0.5384
1438	environmental research	-0.2769	0.2365	18	6	7	8	328	19.2957	2016.5	41	2.412
1451	epidemiologic reviews	2.1292	0.315	30	3	4	6	221	5.2569	2016.8333	36.8333	0.8762
1453	epidemiology and psychiatric sciences	-0.635	0.2266	4	3	4	6	190	15.8949	2017.3333	31.6667	2.6492
1456	epilepsia	-0.0058	0.2112	5	4	4	12	483	15.8056	2013	40.25	1.3171
1457	epilepsy & behavior	-0.0372	0.2134	5	6	6	8	80	5.7747	2017.875	10	0.7218
1477	european archives of oto-rhino-laryngology	0.1427	-0.4573	10	7	8	11	134	2.703	2014.2727	12.1818	0.2457
1481	european child & adolescent psychiatry	-0.1861	0.4254	15	5	5	9	421	10.4509	2015	46.7778	1.1612
1491	european geriatric medicine	-0.2314	0.4372	5	7	8	6	68	3.2313	2017.3333	11.3333	0.5385
1497	european journal of cancer	-0.1176	-0.0893	13	5	5	12	1019	44.9915	2015.25	84.9167	3.7493
1498	european journal of cancer care	0.0257	-0.741	37	1	1	6	36	1.7748	2016.1667	6	0.2958
1500	european journal of cardio-thoracic surgery	0.0219	-0.0281	12	4	5	8	316	7.4755	2015.5	39.5	0.9344
1505	european journal of clinical pharmacology	-0.0841	0.0372	9	6	6	5	129	7.2901	2017	25.8	1.458
1510	european journal of epidemiology	-0.4291	0.0479	7	6	6	6	247	11.7394	2016	41.1667	1.9566
1511	european journal of gastroenterology & hepatology	2.1084	-0.1903	30	1	1	5	10	1.0052	2019.2	2	0.201
1514	european journal of haematology	-0.0091	0.1989	12	2	2	5	206	3.7436	2015.6	41.2	0.7487
1518	european journal of hospital pharmacy-science and practice	0.802	-0.2381	19	5	9	19	32	4.8832	2016.3684	1.6842	0.257
1522	european journal of integrative medicine	0.0132	-0.0976	9	12	13	13	67	2.3734	2015.0769	5.1538	0.1826
1528	european journal of neurology	-0.4541	-0.5042	1	5	5	8	74	24.9276	2018.125	9.25	3.116
1529	european journal of nuclear medicine and molecular imaging	-0.0371	-0.0472	18	3	3	6	360	8.1506	2011	60	1.3584
1531	european journal of obstetrics & gynecology and reproductive biology	-0.2775	-0.5056	6	9	15	17	352	10.215	2013.7059	20.7059	0.6009
1532	european journal of oncology nursing	0.0088	0.196	12	4	4	7	159	3.5228	2014.7143	22.7143	0.5033
1534	european journal of ophthalmology	-0.2027	-0.4753	1	23	38	23	401	17.3819	2016.6087	17.4348	0.7557
1543	european journal of physical and rehabilitation medicine	0.5379	-0.2372	28	2	2	8	47	18.389	2019.5	5.875	2.2986
1549	european journal of public health	-0.4728	-0.0395	13	8	11	18	273	13.5609	2015.2778	15.1667	0.7534
1556	european journal of trauma and emergency surgery	0.253	-0.3909	8	6	6	8	104	7.9117	2018.625	13	0.989
1557	european journal of vascular and endovascular surgery	0.6085	-0.4527	8	12	18	20	471	18.9126	2015.65	23.55	0.9456
1562	european psychiatry	-0.1618	0.1124	28	9	10	34	122	1.9795	2014.2941	3.5882	0.0582
1564	european respiratory journal	0.0234	0.2747	10	5	6	13	858	28.3722	2015.6154	66	2.1825
1571	european spine journal	0.3711	0.0183	3	8	12	20	637	12.522	2012.35	31.85	0.6261
1574	european urology	0.042	0.1548	10	26	79	57	15351	276.2542	2013.8246	269.3158	4.8466
1575	european urology focus	0.113	0.3779	10	10	21	27	211	29.5499	2018	7.8148	1.0944
1576	european urology oncology	0.0436	0.3471	10	5	7	10	97	20.4956	2019.3	9.7	2.0496
1582	evaluation and assessment in software engineering	-2.1086	0.1816	25	27	186	30	1406	33.0571	2012.5333	46.8667	1.1019
1585	"evidence & policy: a journal of research, debate and practice"	-0.4473	-0.1191	13	10	12	5	86	1.4114	2010.8	17.2	0.2823
1586	evidence based library and information practice	-0.1147	-0.3816	24	15	24	14	88	1.832	2015	6.2857	0.1309
1588	evidence report/technology assessment	-0.684	-0.0119	4	6	7	6	418	5.8916	2013.1667	69.6667	0.9819
1590	evidence-based complementary and alternative medicine	0.0388	-0.1571	17	16	29	38	798	23.4371	2015.2105	21	0.6168
1591	evidence-based dentistry	-0.0627	-0.5457	1	11	13	25	266	4.4392	2012.56	10.64	0.1776
1592	evidence-based medicine	-0.1954	-0.2593	7	8	8	13	47	1.0916	2009.9231	3.6154	0.084
1594	evidence-based nursing	-1.0954	0.1647	16	7	10	6	414	5.5643	2005.6667	69	0.9274
1605	expert opinion on drug metabolism & toxicology	0.3409	-0.378	1	2	2	6	60	1.157	2013.3333	10	0.1928
1610	expert opinion on pharmacotherapy	0.1168	0.1482	12	4	5	13	185	5.1874	2013.3077	14.2308	0.399
1619	expert review of pharmacoeconomics & outcomes research	-0.3061	0.4586	20	10	11	8	60	1.9538	2014	7.5	0.2442
1622	expert systems with applications	-1.2767	0.1485	4	11	22	6	127	9.6653	2012.3333	21.1667	1.6109
1624	explore-the journal of science and healing	0.252	-0.0842	22	3	3	7	68	1.9511	2015	9.7143	0.2787
1625	eye	0.226	-0.5046	19	1	1	5	135	3.6574	2010.6	27	0.7315
1628	f1000research	-0.581	0.386	17	17	29	20	131	8.9605	2017.6	6.55	0.448
1634	family practice	-0.3612	0.1896	29	6	9	7	375	3.9115	2007.8571	53.5714	0.5588
1638	fertility and sterility	-0.301	-0.1932	6	5	5	12	586	15.4313	2012.0833	48.8333	1.2859
1652	food & nutrition research	0.2378	-0.4392	3	1	1	6	260	7.1355	2015.3333	43.3333	1.1892
1677	frontiers in education conference	-2.668	0.3911	25	2	2	6	10	0.5299	2018.1667	1.6667	0.0883
1686	frontiers in medicine	0.3315	0.0746	14	5	7	6	106	19.9829	2019.6667	17.6667	3.3305
1688	frontiers in neurology	0.1747	0.2827	33	6	6	18	165	14.005	2018.2778	9.1667	0.7781
1689	frontiers in neuroscience	-0.5632	0.5583	15	4	4	5	47	5.5039	2018.4	9.4	1.1008
1690	frontiers in oncology	-1.6614	0.843	31	1	1	8	71	9.0979	2019.125	8.875	1.1372
1691	frontiers in pediatrics	3.1367	0.5431	27	1	2	5	22	1.4241	2018.2	4.4	0.2848
1692	frontiers in pharmacology	0.31	-0.04	9	6	7	14	125	11.6999	2018.3571	8.9286	0.8357
1693	frontiers in physiology	0.1047	-0.3672	19	6	6	9	108	7.6993	2017.7778	12	0.8555
1694	frontiers in psychiatry	-0.4256	0.3598	15	11	13	24	183	20.1051	2018.375	7.625	0.8377
1695	frontiers in psychology	-0.1116	-0.0642	9	12	13	27	479	41.5807	2017.963	17.7407	1.54
1696	frontiers in public health	-0.3939	-0.0468	13	15	17	14	112	9.6305	2017.6429	8	0.6879
1699	frontiers in surgery	0.283	-0.3586	8	4	4	12	68	4.8384	2018.0833	5.6667	0.4032
1722	geburtshilfe und frauenheilkunde	-0.2927	-0.5378	6	1	1	9	89	6.8772	2016.2222	9.8889	0.7641
1725	general hospital psychiatry	-0.1206	0.0395	9	2	2	6	83	3.2853	2015.1667	13.8333	0.5475
1731	genetics in medicine	-0.5768	-0.326	23	1	1	6	203	14.0438	2016.3333	33.8333	2.3406
1743	gerodontology	-0.7246	-0.125	4	15	20	6	46	2.3119	2017.3333	7.6667	0.3853
1744	gerontologist	-0.2158	0.4157	5	6	6	8	155	14.4505	2017	19.375	1.8063
1770	global spine journal	3.1283	0.5839	27	1	1	6	82	3.2768	2015	13.6667	0.5461
1774	gms health technology assessment	-0.5846	-0.3837	33	1	1	7	44	0.5773	2010	6.2857	0.0825
1783	gut	-1.1034	0.3242	40	2	2	20	1236	22.1793	2015	61.8	1.109
1785	gynecologic oncology	0.4068	-0.9362	8	5	6	12	348	11.1015	2013.9167	29	0.9251
1813	headache	1.3932	0.9602	35	1	1	7	81	3.7014	2016.8571	11.5714	0.5288
1817	health & social care in the community	-0.5039	-0.0387	13	7	7	14	274	7.3182	2015.7143	19.5714	0.5227
1820	health and quality of life outcomes	0.2642	-0.3145	8	9	10	8	142	7.583	2017.125	17.75	0.9479
1823	health economics review	-0.7189	0.1662	4	4	4	5	58	2.6181	2017.4	11.6	0.5236
1827	health education research	-0.4119	-0.0986	7	9	9	7	404	4.4853	2010.7143	57.7143	0.6408
1829	health expectations	-0.403	-0.203	16	16	23	17	1122	37.5842	2015.6471	66	2.2108
1831	health information and libraries journal	-0.4376	0.132	38	37	79	18	497	9.7099	2011.1667	27.6111	0.5394
1836	health policy	-0.0062	-0.02	12	7	10	10	178	4.5374	2011	17.8	0.4537
1838	health policy and planning	-0.6681	0.167	4	8	8	9	850	12.6789	2012.4444	94.4444	1.4088
1842	health promotion international	-0.629	0.9464	29	5	6	6	445	8.6937	2016.6667	74.1667	1.4489
1845	health psychology	-0.2806	0.1756	20	14	15	5	749	9.9873	2010.4	149.8	1.9975
1849	health research policy and systems	-0.4943	-0.0967	4	34	59	23	686	20.7368	2015.8696	29.8261	0.9016
1851	health services and delivery research	-0.4251	0.2743	29	37	54	22	250	12.0504	2016.8636	11.3636	0.5477
1853	health services research	-0.278	0.1866	3	8	10	7	1039	19.6405	2013	148.4286	2.8058
1855	health technology assessment	-0.0497	0.1616	31	116	253	102	9488	136.0625	2010.549	93.0196	1.3339
1856	healthcare	-0.6372	0.0033	6	4	4	6	52	5.1207	2019.6667	8.6667	0.8535
1860	heart	-0.0964	-0.1184	3	5	7	12	810	8.9494	2011.4167	67.5	0.7458
1861	heart & lung	0.0455	0.4046	5	14	16	6	164	4.7865	2015.1667	27.3333	0.7978
1862	heart failure reviews	2.6643	0.5454	27	2	3	8	150	8.1502	2016.125	18.75	1.0188
1863	heart lung and circulation	0.3367	-0.2208	11	1	1	7	128	4.9823	2015.5714	18.2857	0.7118
1867	heliyon	0.1413	-0.3656	19	2	2	6	12	1.7702	2018.8333	2	0.295
1884	hiv medicine	0.2943	0.3179	14	2	2	6	27	11.5355	2018.1667	4.5	1.9226
1887	homeopathy	1.3803	1.1267	35	3	5	7	62	1.9711	2013	8.8571	0.2816
1901	hrb open research	-0.4413	-0.0099	13	9	11	10	5	0.4087	2019.4	0.5	0.0409
1902	hss journal	0.7546	-0.0595	2	7	8	8	15	2.7127	2019.5	1.875	0.3391
1907	human reproduction	-0.0805	-0.5964	24	8	10	8	198	7.6148	2016	24.75	0.9519
1909	human reproduction update	-0.5048	-0.0402	6	13	16	19	1329	43.2001	2015.4211	69.9474	2.2737
1912	human resources for health	-0.6754	0.1541	4	10	12	6	237	6.1205	2015	39.5	1.0201
1924	ieee access	-2.7602	0.3213	25	2	2	9	44	11.6955	2019.5556	4.8889	1.2995
1953	implementation science	-0.4901	0.0883	40	58	142	31	1872	67.5672	2015.2258	60.3871	2.1796
1990	indian journal of urology	0.2395	0.2522	10	1	1	6	49	1.5575	2012.6667	8.1667	0.2596
2018	information & software technology	-2.5931	0.2851	25	15	213	31	4019	78.4682	2014.9677	129.6452	2.5312
2033	injury prevention	-0.1884	-0.1122	9	8	9	24	349	7.3459	2013.0417	14.5417	0.3061
2034	injury-international journal of the care of the injured	0.0697	-0.3001	11	9	9	22	327	14.722	2016.1364	14.8636	0.6692
2047	intensive and critical care nursing	0.0283	0.0885	3	9	10	5	78	2.9349	2013	15.6	0.587
2049	interactive cardiovascular and thoracic surgery	0.0459	-0.0658	12	6	6	6	48	3.9096	2018.8333	8	0.6516
2054	internal medicine journal	0.0496	0.0102	12	5	5	5	149	2.3353	2014.6	29.8	0.4671
2090	international conference on human-computer interaction	-3.3044	0.3651	25	1	2	5	9	1.0926	2018.4	1.8	0.2185
2112	international conference on software engineering	-3.0194	0.3164	25	9	54	12	293	5.3	2014.5	24.4167	0.4417
2136	international forum of allergy & rhinology	0.5592	-1.3423	24	4	4	15	172	18.0017	2016	11.4667	1.2001
2141	international journal for equity in health	-0.4308	-0.2042	1	12	14	6	89	5.7113	2017.8333	14.8333	0.9519
2145	international journal for quality in health care	-0.8156	0.0633	4	15	16	11	1146	9.8732	2012.8182	104.1818	0.8976
2159	international journal of behavioral nutrition and physical activity	-0.4393	-0.0582	7	20	32	28	1788	70.3606	2017.3214	63.8571	2.5129
2164	international journal of cardiology	-1.3277	-0.3962	33	4	4	15	313	13.0458	2016	20.8667	0.8697
2168	international journal of chronic obstructive pulmonary disease	-0.6006	0.5169	38	2	3	10	238	9.5608	2016.4	23.8	0.9561
2174	international journal of clinical pharmacy	-0.3792	0.5519	20	5	6	11	146	4.7098	2014.6364	13.2727	0.4282
2175	international journal of clinical practice	0.1278	0.0091	12	9	10	9	545	8.1741	2013.3333	60.5556	0.9082
2177	international journal of colorectal disease	0.4192	-0.405	8	5	5	5	79	3.7316	2015.4	15.8	0.7463
2183	international journal of contemporary hospitality management	-0.6034	0.3109	18	2	3	6	234	18.8388	2018.6667	39	3.1398
2188	international journal of dermatology	3.1445	0.5019	27	1	1	8	80	4.9356	2017.25	10	0.6169
2193	international journal of drug policy	-0.194	0.1446	5	7	9	7	370	10.0153	2016.1429	52.8571	1.4308
2196	international journal of eating disorders	-0.3402	0.3164	15	9	11	7	302	7.6696	2013.2857	43.1429	1.0957
2214	international journal of environmental research and public health	-0.4803	0.1313	18	33	49	90	1116	91.7616	2019.2556	12.4	1.0196
2215	international journal of epidemiology	-0.1628	-0.1744	33	49	71	20	2613	47.0692	2010.15	130.65	2.3535
2217	international journal of evidence-based healthcare	-0.3057	0.2874	21	47	107	72	1379	47.8742	2016	19.1528	0.6649
2224	international journal of general medicine	-0.1685	-0.3223	17	3	4	8	217	5.5978	2015.625	27.125	0.6997
2225	international journal of geriatric psychiatry	-0.1796	0.3929	5	10	12	13	565	17.0152	2014.9231	43.4615	1.3089
2228	international journal of gynecological cancer	0.4142	-0.9523	8	1	1	8	76	3.1741	2015.5	9.5	0.3968
2229	international journal of gynecology & obstetrics	0.6934	-0.0412	2	1	1	16	841	8.8524	2008.625	52.5625	0.5533
2235	international journal of health policy and management	-0.8616	0.1889	40	1	1	6	11	0.899	2019.3333	1.8333	0.1498
2247	international journal of infectious diseases	0.389	0.1436	14	3	3	6	78	6.0709	2018.3333	13	1.0118
2249	international journal of information management	-3.1992	0.3355	25	1	1	5	72	66.7246	2017.8	14.4	13.3449
2254	international journal of integrated care	-0.7342	-0.0123	4	6	6	23	64	2.5919	2015.7826	2.7826	0.1127
2258	international journal of language & communication disorders	-0.1507	0.1084	3	8	8	7	105	3.0141	2016.2857	15	0.4306
2264	international journal of management reviews	-0.4691	0.0356	1	11	12	5	450	20.9507	2016.4	90	4.1901
2268	international journal of medical informatics	-0.8263	0.0143	4	19	28	17	1478	28.5159	2014.2941	86.9412	1.6774
2273	international journal of mental health and addiction	-0.5498	-0.054	7	3	3	5	23	6.9371	2019.2	4.6	1.3874
2284	international journal of nursing practice	-0.3038	0.1504	17	12	15	6	181	2.2325	2007.3333	30.1667	0.3721
2286	international journal of nursing studies	-0.1795	0.1004	16	52	114	57	2731	73.5654	2014.7193	47.9123	1.2906
2288	international journal of obesity	-0.4189	-0.0963	7	3	3	5	756	7.3604	2007.6	151.2	1.4721
2295	international journal of operations & production management	-0.8716	0.3402	18	2	3	6	95	3.4112	2014	15.8333	0.5685
2297	international journal of oral & maxillofacial implants	-0.0064	-0.632	1	6	7	13	93	5.839	2016.9231	7.1538	0.4492
2298	international journal of oral and maxillofacial surgery	-0.0306	-0.624	1	9	10	6	56	7.6436	2018.6667	9.3333	1.2739
2302	international journal of paediatric dentistry	-0.3382	0.7599	21	2	2	5	40	2.0317	2017.4	8	0.4063
2304	international journal of pediatric otorhinolaryngology	-1.0111	-0.2755	39	2	2	17	178	7.7509	2016.7647	10.4706	0.4559
2330	international journal of quality & reliability management	-0.7554	0.05	16	1	1	5	232	8.36	2017	46.4	1.672
2331	international journal of radiation oncology biology physics	3.1516	0.4602	27	1	3	9	294	20.1772	2017.6667	32.6667	2.2419
2333	international journal of rehabilitation research	0.1063	0.1955	5	4	5	5	142	2.1324	2013.2	28.4	0.4265
2336	international journal of rheumatic diseases	0.465	-0.1427	12	4	6	5	20	0.6759	2015.8	4	0.1352
2356	international journal of surgery	1.0559	-0.2188	11	6	7	18	276	28.6218	2016.7778	15.3333	1.5901
2358	international journal of surgery protocols	0.5091	-0.1615	11	2	2	5	2	0.2511	2019.4	0.4	0.0502
2364	international journal of technology assessment in health care	-0.4237	-0.2619	33	46	80	37	1325	17.669	2012.1622	35.8108	0.4775
2379	international nursing review	-0.2149	0.4394	5	5	5	10	313	7.93	2015.5	31.3	0.793
2381	international orthopaedics	0.7433	-0.0969	2	5	6	10	102	11.5486	2017.5	10.2	1.1549
2383	international psychogeriatrics	-0.1781	0.3018	5	8	8	9	543	9.1803	2012.1111	60.3333	1.02
2387	international review of psychiatry	-0.5187	-0.0379	13	3	3	5	194	5.3287	2013.4	38.8	1.0657
2400	international urogynecology journal	-0.203	-0.5599	6	4	4	13	170	9.8942	2014.5385	13.0769	0.7611
2404	international wound journal	0.803	0.3828	26	10	14	6	91	5.5084	2018.5	15.1667	0.9181
2448	jama	-0.1074	-0.0991	22	46	52	43	11278	123.2116	2006.2326	262.2791	2.8654
2450	jama dermatology	-1.0048	-0.075	32	1	1	6	239	19.5433	2018	39.8333	3.2572
2451	jama internal medicine	0.1611	-0.1547	3	16	17	18	2477	49.7511	2007.2222	137.6111	2.7639
2452	jama network open	-0.1894	-0.074	7	12	13	18	89	25.8465	2019.6667	4.9444	1.4359
2453	jama neurology	-0.0577	-0.2995	11	2	2	5	292	6.3662	2013.6	58.4	1.2732
2454	jama oncology	0.2425	-0.0927	3	2	2	5	14	3.2183	2018.8	2.8	0.6437
2455	jama ophthalmology	0.2045	-0.4625	19	15	21	7	73	11.9457	2018.4286	10.4286	1.7065
2456	jama pediatrics	-0.2851	-0.2191	7	7	8	9	292	20.0225	2015.7778	32.4444	2.2247
2457	jama psychiatry	-0.1812	-0.0144	18	10	10	8	220	25.7641	2018.25	27.5	3.2205
2458	jama surgery	0.2216	-0.0221	3	3	3	6	225	11.9177	2017.8333	37.5	1.9863
2468	jbjs reviews	0.3613	0.0184	3	3	3	9	80	5.0839	2018.3333	8.8889	0.5649
2480	jmir medical informatics	-1.019	0.1435	16	10	12	13	68	16.7053	2019.2308	5.2308	1.285
2482	jmir mhealth and uhealth	-0.7377	-0.236	39	15	21	25	411	39.9616	2019.04	16.44	1.5985
2487	jmir research protocols	-0.8195	0.1255	4	33	56	50	186	17.2413	2018.6	3.72	0.3448
2491	joint bone spine	0.4127	-0.0879	11	4	4	6	68	4.7985	2017.5	11.3333	0.7998
2496	jornal de pediatria	0.046	-0.7704	37	2	2	14	209	2.9628	2010.7857	14.9286	0.2116
2514	journal of adolescent health	-0.9428	-0.072	32	5	7	8	670	16.5971	2015.375	83.75	2.0746
2515	journal of advanced nursing	-0.2897	0.2025	17	74	150	62	5522	69.6807	2013.1935	89.0645	1.1239
2518	journal of affective disorders	-0.6373	0.4594	21	18	34	40	4524	101.9358	2014.15	113.1	2.5484
2525	journal of alternative and complementary medicine	0.1019	-0.0728	12	16	18	12	288	5.8341	2011.25	24	0.4862
2530	journal of andrology	-0.4479	-0.0358	6	3	3	7	262	9.9744	2016.7143	37.4286	1.4249
2549	journal of arthroplasty	0.3718	-0.154	3	4	4	10	55	11.4827	2019.4	5.5	1.1483
2561	journal of back and musculoskeletal rehabilitation	0.4388	-0.0573	2	1	1	5	32	1.6916	2016.8	6.4	0.3383
2568	journal of biomedical informatics	-1.3598	0.1369	4	10	14	8	194	12.4722	2017.5	24.25	1.559
2572	journal of bodywork and movement therapies	-0.0871	-0.2995	22	4	4	5	80	3.049	2016.8	16	0.6098
2574	"journal of bone and joint surgery, american volume"	0.6274	-0.05	2	27	43	18	585	11.2618	2010.7778	32.5	0.6257
2575	journal of bone and joint surgery-british volume	0.8142	-0.0889	2	7	7	8	166	7.8691	2016.875	20.75	0.9836
2578	journal of burn care & research	0.805	0.3837	26	2	2	7	43	3.1466	2018.4286	6.1429	0.4495
2591	journal of cancer survivorship	-0.2347	-0.1881	16	3	4	5	50	4.7291	2018.8	10	0.9458
2599	journal of cardiovascular nursing	2.5321	0.1363	30	2	2	7	97	3.9052	2016.4286	13.8571	0.5579
2605	journal of child and adolescent psychopharmacology	-0.4168	0.2487	9	2	2	5	71	2.3907	2015.6	14.2	0.4781
2607	journal of child psychology and psychiatry	-0.6784	0.6752	21	5	6	9	788	15.5489	2010.6667	87.5556	1.7277
2609	journal of children's services	-0.565	-0.1953	6	3	3	5	28	0.8594	2014.2	5.6	0.1719
2617	journal of cleaner production	-0.6219	0.2978	18	11	13	34	729	82.7948	2018.7647	21.4412	2.4351
2620	journal of clinical and experimental dentistry	-0.0024	-0.5517	1	2	2	11	126	6.464	2017.1818	11.4545	0.5876
2627	journal of clinical epidemiology	-0.3424	0.2073	31	111	458	87	3575	113.1101	2013.5977	41.092	1.3001
2628	journal of clinical gastroenterology	0.5744	-0.226	11	1	1	6	219	3.263	2011	36.5	0.5438
2630	journal of clinical medicine	-0.3177	-0.3738	6	14	23	32	170	38.4094	2019.4375	5.3125	1.2003
2634	journal of clinical neuroscience	0.2736	-0.1502	17	5	6	11	137	6.0389	2017.9091	12.4545	0.549
2635	journal of clinical nursing	-0.1713	0.0801	23	33	54	59	991	28.6445	2014.9153	16.7966	0.4855
2636	journal of clinical oncology	-0.2291	0.0993	13	14	19	41	5189	175.9879	2013.7073	126.561	4.2924
2637	journal of clinical orthopaedics and trauma	2.7217	0.2084	27	2	3	10	70	7.7589	2019.2	7	0.7759
2640	journal of clinical periodontology	-0.0949	-0.6274	1	20	25	12	528	14.9467	2013.8333	44	1.2456
2641	journal of clinical pharmacy and therapeutics	-0.4491	0.1497	23	5	5	9	138	5.8427	2013.7778	15.3333	0.6492
2651	journal of comparative effectiveness research	-0.5351	-0.0611	13	16	16	7	62	2.0677	2015.2857	8.8571	0.2954
2666	journal of continuing education in the health professions	-0.2197	-0.2204	19	8	8	6	118	2.2509	2013.6667	19.6667	0.3751
2668	journal of cranio-maxillofacial surgery	0.15	-0.2402	17	10	10	10	442	9.7436	2015.2	44.2	0.9744
2683	journal of dental education	-0.1387	-0.3834	1	8	9	8	255	3.5007	2010.375	31.875	0.4376
2686	journal of dentistry	-0.1253	-0.4994	1	5	5	12	394	10.3182	2014.8333	32.8333	0.8598
2692	journal of development effectiveness	-0.8213	-0.0379	32	10	13	6	315	5.8354	2014.3333	52.5	0.9726
2724	journal of emergency medicine	-0.7109	0.562	17	3	3	9	130	4.0713	2016	14.4444	0.4524
2729	journal of endodontics	-0.2776	-0.453	1	19	25	12	239	10.3165	2016.3333	19.9167	0.8597
2730	journal of endourology	0.16	0.4462	10	2	2	9	134	5.9864	2015.8889	14.8889	0.6652
2747	journal of epidemiology and community health	-0.209	-0.1901	3	22	27	31	578	7.6138	2012	18.6452	0.2456
2750	journal of ethnopharmacology	0.2597	0.0216	9	4	4	7	157	17.4513	2018.5714	22.4286	2.493
2754	journal of evaluation in clinical practice	-0.1846	-0.2034	22	21	30	19	371	8.826	2012.3158	19.5263	0.4645
2755	journal of evidence based dental practice	-0.0153	-0.3428	1	18	21	18	121	4.4216	2013	6.7222	0.2456
2757	journal of evidence-based medicine	-0.5159	-0.2372	23	20	24	13	214	9.8542	2015.0769	16.4615	0.758
2784	journal of foot and ankle research	0.909	-0.4128	11	1	1	5	29	1.5165	2016.8	5.8	0.3033
2802	journal of general internal medicine	-0.0735	-0.3186	8	19	24	28	768	21.4091	2013.0714	27.4286	0.7646
2821	journal of graduate medical education	-0.8132	-0.0177	16	5	6	8	111	4.7329	2014.5	13.875	0.5916
2825	journal of hand surgery (european volume)	0.4178	0.0151	26	9	11	8	470	9.0448	2015.25	58.75	1.1306
2827	journal of hand therapy	0.2525	-0.1995	11	6	7	12	521	10.5597	2012.6667	43.4167	0.88
2835	journal of health organisation and management	-0.5575	0.1666	29	2	3	5	36	1.2212	2016	7.2	0.2442
2838	journal of health services research & policy	-0.4659	0.1369	29	29	39	8	1240	11.2583	2004.5	155	1.4073
2850	journal of hospital infection	-0.1336	-0.6955	1	6	6	9	524	8.1513	2011.5556	58.2222	0.9057
2853	journal of hospital medicine	-0.1569	0.4484	15	2	2	6	169	2.9754	2011.5	28.1667	0.4959
2860	journal of human nutrition and dietetics	0.4446	0.1012	14	2	2	7	112	5.5295	2011.7143	16	0.7899
2879	journal of information technology	-1.2188	0.0522	4	6	6	6	127	4.2507	2015	21.1667	0.7085
2915	journal of isakos: joint disorders & orthopaedic sports medicine	0.9368	-0.0267	2	5	7	14	29	1.6338	2017.5	2.0714	0.1167
2922	journal of knee surgery	1.0238	-0.0682	2	1	1	5	37	4.3087	2017.2	7.4	0.8617
2930	journal of laparoendoscopic & advanced surgical techniques	0.237	-0.3404	8	2	2	6	87	4.0547	2016.3333	14.5	0.6758
2931	journal of laryngology and otology	0.1487	-0.4726	10	1	1	10	197	4.4416	2013.9	19.7	0.4442
2945	journal of manipulative and physiological therapeutics	0.2838	-0.0167	9	16	33	22	1048	11.8452	2009.6818	47.6364	0.5384
2952	journal of maternal-fetal & neonatal medicine	-0.0395	-0.5975	6	2	2	5	23	3.8949	2019.4	4.6	0.779
2958	journal of medical ethics	-0.1783	0.2929	15	10	16	6	189	4.887	2013.5	31.5	0.8145
2962	journal of medical internet research	-0.3536	0.0028	9	71	143	92	2683	168.937	2018.0978	29.163	1.8363
2964	journal of medical systems	-0.7833	0.0261	4	2	2	6	18	3.4854	2018.8333	3	0.5809
2974	journal of minimally invasive gynecology	0.3427	-0.8259	8	4	5	14	576	9.2227	2014.5	41.1429	0.6588
2996	journal of neuro-oncology	0.1106	0.5855	23	5	5	9	104	7.5864	2016.8889	11.5556	0.8429
3001	journal of neurointerventional surgery	0.4579	0.2881	5	2	2	11	135	20.2501	2017.8182	12.2727	1.8409
3006	"journal of neurology, neurosurgery, and psychiatry"	0.4537	0.2719	5	5	5	14	117	18.3845	2016.4286	8.3571	1.3132
3012	journal of neurosurgery	0.2919	-0.0007	3	11	22	43	800	44.1696	2017.093	18.6047	1.0272
3015	journal of neurotrauma	0.3312	0.4254	5	2	2	5	105	3.5874	2015.6	21	0.7175
3026	journal of nursing scholarship	0.1237	0.1625	12	14	27	21	799	21.4037	2014.8095	38.0476	1.0192
3031	journal of nutrition education and behavior	0.4544	0.1288	14	3	3	6	96	6.2829	2017.5	16	1.0471
3038	"journal of obstetric, gynecologic, & neonatal nursing"	-0.4479	0.4084	15	3	3	6	406	4.3717	2015	67.6667	0.7286
3040	journal of obstetrics and gynaecology canada	-0.0628	-0.5015	6	19	26	118	4019	104.5207	2014.5932	34.0593	0.8858
3048	journal of occupational rehabilitation	0.7275	0.3701	26	5	5	6	338	4.5778	2009.6667	56.3333	0.763
3056	journal of oral and maxillofacial surgery	2.7143	0.2566	27	2	3	6	155	5.237	2015.6667	25.8333	0.8728
3064	journal of oral rehabilitation	-0.1006	-0.7338	1	13	16	8	447	13.4092	2015.125	55.875	1.6762
3070	journal of orthopaedic & sports physical therapy	0.423	-0.0572	2	8	8	7	311	6.4531	2011.5714	44.4286	0.9219
3073	journal of orthopaedic surgery and research	0.7589	-0.2373	11	4	7	7	114	7.3978	2019	16.2857	1.0568
3075	journal of orthopaedic trauma	0.7361	-0.048	2	1	1	5	130	2.7801	2016.2	26	0.556
3076	journal of orthopaedics	0.3789	-0.2304	3	6	6	6	34	3.2111	2018.6667	5.6667	0.5352
3081	journal of paediatrics and child health	-0.0423	0.0314	22	3	4	7	91	2.488	2016.5714	13	0.3554
3083	journal of pain and symptom management	-0.0384	-0.0911	13	27	33	24	764	26.3615	2012.9167	31.8333	1.0984
3084	journal of pain research	-0.0396	-0.4192	24	10	12	9	123	4.6001	2017.1111	13.6667	0.5111
3088	journal of palliative medicine	-0.1074	-0.0858	13	5	6	6	819	9.2144	2009.6667	136.5	1.5357
3091	journal of parenteral and enteral nutrition	0.448	0.1084	14	2	2	5	41	0.7775	2013.8	8.2	0.1555
3097	journal of pediatric gastroenterology and nutrition	0.3853	0.0927	14	1	1	6	434	10.9556	2013	72.3333	1.8259
3102	journal of pediatric nursing	-0.3234	-0.4149	16	6	8	6	38	3.8053	2015.1667	6.3333	0.6342
3107	journal of pediatric psychology	-0.3159	0.0605	7	5	5	8	311	10.9311	2014.625	38.875	1.3664
3109	journal of pediatric surgery	0.2964	-0.4246	14	5	8	20	339	14.9983	2016.55	16.95	0.7499
3110	journal of pediatric urology	0.2965	0.3916	10	4	4	10	52	4.02	2018.8	5.2	0.402
3117	journal of periodontal research	-0.034	-0.6895	1	4	6	6	95	4.3962	2017.3333	15.8333	0.7327
3118	journal of periodontology	-0.011	-0.6141	1	8	11	13	1153	22.2899	2012.6923	88.6923	1.7146
3134	journal of physical activity and health	-0.4684	-0.0393	7	3	4	6	93	1.9141	2015	15.5	0.319
3141	journal of plastic reconstructive and aesthetic surgery	0.7344	0.3445	26	12	15	22	522	13.8308	2016.1364	23.7273	0.6287
3150	journal of prosthetic dentistry	-0.1434	-0.6916	1	9	10	16	774	18.4989	2017.1875	48.375	1.1562
3152	journal of prosthodontics	-0.1464	-0.7275	1	3	4	9	49	1.2381	2017.3333	5.4444	0.1376
3153	journal of psychiatric and mental health nursing	-0.5479	0.1698	4	9	12	13	281	6.061	2013.8462	21.6154	0.4662
3155	journal of psychiatric research	-0.1491	0.2566	5	7	9	6	52	3.517	2017.8333	8.6667	0.5862
3162	journal of psychosomatic research	-0.149	0.4374	15	4	4	7	519	7.246	2011	74.1429	1.0351
3166	journal of public health	-0.2738	0.0298	21	24	33	11	769	16.5966	2013.2727	69.9091	1.5088
3179	journal of reconstructive microsurgery	0.7438	0.3584	26	3	3	8	6	2.1353	2019.5	0.75	0.2669
3181	journal of rehabilitation medicine	0.4185	0.3303	2	4	7	5	142	2.4308	2013	28.4	0.4862
3202	journal of science and medicine in sport	-0.3889	-0.0119	7	5	5	7	174	4.1181	2012.7143	24.8571	0.5883
3211	journal of shoulder and elbow surgery	0.775	0.0066	2	10	19	23	430	29.2089	2017.4783	18.6957	1.27
3234	journal of stroke & cerebrovascular diseases	0.449	0.2898	5	3	3	6	33	6.916	2018.3333	5.5	1.1527
3240	journal of surgical education	0.3378	-0.4384	8	8	11	11	181	9.4292	2017.0909	16.4545	0.8572
3242	journal of surgical research	0.2285	-0.2697	8	9	11	18	251	14.1841	2016.5556	13.9444	0.788
3245	journal of systems and software	-2.4006	0.3175	25	13	117	11	1316	31.7031	2017	119.6364	2.8821
3249	journal of telemedicine and telecare	-0.5079	-0.0368	4	11	14	5	269	16.2302	2014.2	53.8	3.246
3251	journal of the academy of nutrition and dietetics	-0.207	-0.2603	7	15	18	24	405	20.6985	2018.125	16.875	0.8624
3254	journal of the american academy of child and adolescent psychiatry	-0.4085	0.2422	9	4	4	7	1415	16.844	2013	202.1429	2.4063
3256	journal of the american academy of nurse practitioners	-0.4794	1.153	31	2	2	8	148	1.664	2006.375	18.5	0.208
3257	journal of the american academy of orthopaedic surgeons	0.4328	-0.0431	2	3	4	5	110	2.8267	2014	22	0.5653
3260	journal of the american association of nurse practitioners	-0.7908	-0.2564	39	1	1	14	78	3.1835	2016.5	5.5714	0.2274
3263	journal of the american college of cardiology	-0.4925	0.2172	5	7	8	5	605	17.8461	2016.4	121	3.5692
3267	journal of the american college of surgeons	0.4011	-0.3888	8	5	5	6	188	7.3423	2014.8333	31.3333	1.2237
3268	journal of the american dental association	-0.2008	-0.3534	1	20	32	23	523	16.7778	2013.6957	22.7391	0.7295
3270	journal of the american geriatrics society	0.0212	-0.29	10	10	11	12	600	13.2705	2012.5	50	1.1059
3272	journal of the american medical directors association	-0.0937	0.341	5	10	14	11	422	26.9633	2017.3636	38.3636	2.4512
3273	journal of the american medical informatics association	-1.0993	0.0975	4	19	23	17	575	29.0169	2016.4706	33.8235	1.7069
3274	journal of the american pharmacists association	-0.2715	0.3853	5	8	8	14	202	6.7521	2012.2143	14.4286	0.4823
3284	journal of the european academy of dermatology and venereology	0.6845	-0.1162	2	5	9	14	531	13.2423	2014	37.9286	0.9459
3287	journal of the international aids society	-1.1405	0.5987	4	2	2	5	60	5.9418	2018.2	12	1.1884
3298	journal of the medical library association	-0.3023	-0.288	38	29	79	27	305	15.6876	2015.5926	11.2963	0.581
3300	journal of the national cancer institute	0.3789	-0.3802	8	3	3	5	423	8.1426	2013.6	84.6	1.6285
3303	journal of the neurological sciences	-0.1969	0.5418	20	2	2	5	37	2.1296	2018.6	7.4	0.4259
3310	journal of the royal society of medicine	-0.0687	-0.2528	22	17	17	9	410	3.5104	2006.5556	45.5556	0.39
3319	journal of thoracic disease	0.7356	1.1019	31	2	2	8	47	4.1945	2018.5	5.875	0.5243
3337	journal of transport and health	-0.9021	0.3839	4	3	3	5	57	3.7051	2017.4	11.4	0.741
3340	journal of trauma-injury infection and critical care	0.0393	-0.8323	37	3	3	15	154	9.2899	2018	10.2667	0.6193
3349	journal of vascular surgery	0.7108	-0.3046	11	8	15	34	790	47.5988	2016.4412	23.2353	1.4
3350	journal of vascular surgery. venous and lymphatic disorders	0.8128	0.3957	26	4	4	8	74	3.7569	2017	9.25	0.4696
3360	journal of voice	-0.2726	-0.6252	6	2	2	9	39	7.7491	2018.4444	4.3333	0.861
3407	knee	0.68	-0.0945	2	8	10	7	93	4.5058	2014.4286	13.2857	0.6437
3409	"knee surgery, sports traumatology, arthroscopy"	0.6721	-0.162	2	9	14	22	415	44.2158	2018.2273	18.8636	2.0098
3425	lancet infectious diseases	0.2715	-0.4682	17	3	4	6	840	101.1253	2015.1667	140	16.8542
3438	laryngoscope	0.2914	-0.7544	24	13	18	42	1594	80.8333	2015.4524	37.9524	1.9246
3442	lasers in medical science	-0.0138	-0.6473	1	2	2	6	89	2.6591	2016	14.8333	0.4432
3464	liver international	0.3805	-0.535	8	3	3	5	313	6.0318	2014.4	62.6	1.2064
3485	management review quarterly	-2.1383	0.1922	25	2	3	7	25	5.2558	2018.7143	3.5714	0.7508
3509	maturitas	0.0322	-0.1368	3	5	5	9	338	9.279	2014.6667	37.5556	1.031
3511	mayo clinic proceedings	-0.0121	0.3165	10	5	5	7	92	5.7932	2015.1429	13.1429	0.8276
3519	medical care	-0.7554	-0.0419	4	5	6	7	280	3.5785	2007.8571	40	0.5112
3523	medical education	-0.0301	0.061	3	11	12	10	533	14.9349	2015.7	53.3	1.4935
3536	medical teacher	0.0945	-0.2073	8	6	7	9	380	6.6611	2009.6667	42.2222	0.7401
3544	medicina oral patologia oral y cirugia bucal	-0.1834	-0.6859	1	3	3	15	115	6.8936	2017.2667	7.6667	0.4596
3547	medicina-buenos aires	0.2379	0.0737	14	5	5	8	62	8.817	2017.875	7.75	1.1021
3548	medicina-lithuania	2.541	0.0268	30	2	2	5	3	1.5513	2020	0.6	0.3103
3549	medicine	0.2377	-0.3363	1	32	56	149	458	34.0472	2019.1208	3.0738	0.2285
3562	medrxiv	0.1952	0.2102	14	23	38	50	40	20.6838	2019.94	0.8	0.4137
3563	medwave	0.2323	0.2376	14	3	6	14	17	6.4902	2017.7857	1.2143	0.4636
3567	menopause	2.1074	-0.2185	30	1	1	5	142	2.8428	2013.4	28.4	0.5686
3576	methods of information in medicine	-1.4018	0.118	4	5	6	5	46	2.3187	2017	9.2	0.4637
3591	midwifery	-0.6881	0.1935	16	3	3	12	86	6.4931	2016.6667	7.1667	0.5411
3593	milbank quarterly	-0.6058	0.0394	4	19	28	9	709	12.9486	2012.7778	78.7778	1.4387
3594	military medicine	-1.6634	1.0396	31	2	3	13	21	2.4983	2017.8462	1.6154	0.1922
3620	movement disorders	0.3367	-0.2204	11	1	1	8	797	14.1921	2010.5	99.625	1.774
3655	ndt plus	-0.4503	-0.4002	6	3	4	5	57	2.6525	2013.8	11.4	0.5305
3663	nephrology	-0.3837	-0.3569	6	3	3	5	109	3.7853	2014.6	21.8	0.7571
3664	nephrology dialysis transplantation	-0.4272	-0.3782	6	6	7	6	128	4.9119	2015.3333	21.3333	0.8186
3691	neurology	0.1993	0.0335	3	6	7	15	2426	66.542	2009.2	161.7333	4.4361
3700	neuropsychiatric disease and treatment	-0.6683	0.4533	21	2	3	6	195	6.2362	2014.1667	32.5	1.0394
3702	neuropsychology review	4.3426	0.6831	43	3	4	9	141	5.4511	2015.3333	15.6667	0.6057
3706	neuroscience & biobehavioral reviews	-0.1695	0.4097	15	11	13	8	195	11.6524	2018	24.375	1.4565
3710	neurosurgery	0.2531	0.0259	5	13	18	10	369	14.0245	2015.8	36.9	1.4024
3711	neurosurgical focus	0.2235	-0.0104	3	16	21	16	272	15.8437	2016.5	17	0.9902
3712	neurosurgical review	0.105	0.5965	23	3	3	14	67	7.6327	2018.5714	4.7857	0.5452
3714	neurotoxicology	-0.307	-0.3262	7	3	3	7	122	6.6652	2017.4286	17.4286	0.9522
3721	nicotine & tobacco research	-0.6463	-0.0624	7	4	5	7	175	8.1871	2018.1429	25	1.1696
3745	nurse education in practice	-1.0154	0.1368	16	4	5	6	54	3.6716	2016.6667	9	0.6119
3746	nurse education today	-0.8899	0.0573	16	11	14	21	500	20.3785	2016.6667	23.8095	0.9704
3755	nursing in critical care	0.0291	0.087	3	3	3	11	87	5.4808	2015.0909	7.9091	0.4983
3763	nursing standard	-0.3198	0.1648	17	1	1	5	25	0.8062	2012	5	0.1612
3764	nutricion hospitalaria	-0.5849	-0.133	7	3	3	9	61	1.9642	2016.8889	6.7778	0.2182
3765	nutrients	-0.3508	-0.5918	16	13	20	34	724	42.5081	2017.9412	21.2941	1.2502
3766	nutrition	0.2346	-0.4339	3	3	3	5	118	5.3427	2013.6	23.6	1.0685
3771	nutrition in clinical practice	0.2988	-0.0444	3	2	2	8	296	6.8084	2014.25	37	0.851
3776	nutrition reviews	-0.2672	-0.3928	6	12	13	14	314	9.7452	2016.8571	22.4286	0.6961
3784	obesity reviews	-0.426	0.0586	7	9	12	23	1500	67.6586	2015.1739	65.2174	2.9417
3786	obesity surgery	1.05	-0.2077	11	3	3	10	239	9.1152	2015.6	23.9	0.9115
3787	obstetrical & gynecological survey	-0.3062	-0.4956	6	2	2	7	140	3.2153	2013.2857	20	0.4593
3788	obstetrics & gynecology	-0.1258	-0.593	6	3	3	10	500	11.6232	2010	50	1.1623
3789	occupational and environmental medicine	-0.0915	0.0087	12	6	6	30	968	20.8147	2014.2667	32.2667	0.6938
3790	occupational medicine	-0.0887	0.4024	15	4	4	9	727	6.5069	2008.3333	80.7778	0.723
3805	oncologist	-0.0941	-0.0881	13	3	3	8	303	7.0708	2013.875	37.875	0.8838
3807	oncology nursing forum	-0.0292	0.235	12	6	7	16	218	3.7801	2014.0625	13.625	0.2363
3810	oncotarget	-0.1593	-0.7702	1	1	1	8	235	15.2955	2017.375	29.375	1.9119
3829	open journal of nursing	-0.5359	0.29	29	3	4	5	7	0.3389	2016.8	1.4	0.0678
3842	ophthalmology	0.2519	-0.4374	19	4	7	5	588	17.9057	2014.2	117.6	3.5811
3853	oral oncology	0.1218	-0.1572	10	6	6	8	232	7.8264	2013.5	29	0.9783
3856	"oral surgery, oral medicine, oral pathology, and oral radiology"	-0.0667	-0.7197	1	4	4	8	88	2.4555	2017.375	11	0.3069
3864	orthopaedic journal of sports medicine	0.8031	-0.1021	2	8	29	7	207	9.3666	2017.2857	29.5714	1.3381
3867	orthopaedics & traumatology-surgery & research	1.0281	0.0542	2	2	2	5	15	3.8874	2019.2	3	0.7775
3875	osteoarthritis and cartilage	0.4137	-0.1088	11	20	24	11	1707	29.9584	2012.7273	155.1818	2.7235
3879	osteoporosis international	-0.1094	-0.2363	19	3	3	8	534	17.7553	2015.625	66.75	2.2194
3883	otolaryngology-head and neck surgery	0.3115	-0.8007	24	1	3	12	296	9.5003	2014.75	24.6667	0.7917
3888	paediatrics and child health	-0.139	-0.2889	22	3	3	15	99	3.0818	2012.2667	6.6	0.2055
3891	pain	0.2009	0.0127	12	13	15	12	2680	34.6101	2010.6667	223.3333	2.8842
3893	pain management nursing	-0.7077	0.5667	17	3	5	9	37	4.8619	2018.6667	4.1111	0.5402
3895	pain medicine	0.3786	-0.1485	17	18	46	33	944	22.7219	2013.1818	28.6061	0.6885
3897	pain practice	0.2997	-0.0463	11	7	12	11	335	12.5346	2014.0909	30.4545	1.1395
3903	palliative & supportive care	0.0356	-0.1145	2	10	11	5	28	2.8649	2018.4	5.6	0.573
3904	palliative medicine	-0.2241	0.1173	13	14	15	17	712	17.0233	2013.2353	41.8824	1.0014
3907	pancreatology	1.1323	-0.2249	11	3	3	9	806	24.7016	2015.4444	89.5556	2.7446
3920	patient education and counseling	-0.1283	-0.2253	6	13	14	13	651	8.9157	2011.5385	50.0769	0.6858
3929	pediatric blood & cancer	-0.2437	0.1135	13	1	2	6	101	4.9425	2017	16.8333	0.8237
3942	pediatric research	1.3808	0.9767	35	1	1	5	17	2.5899	2012.6	3.4	0.518
3947	pediatrics	-0.2727	-0.0034	7	20	24	29	2033	53.8873	2014.069	70.1034	1.8582
3953	peerj	-0.3842	0.0305	7	5	5	8	65	5.2119	2018.125	8.125	0.6515
3971	pflege	-0.5143	0.5117	17	1	1	5	11	0.3637	2011.8	2.2	0.0727
3975	pharmacoeconomics	-0.1627	0.3328	20	14	22	22	352	28.8442	2014.6818	16	1.3111
3985	pharmacotherapy	-0.3411	0.5116	20	7	7	11	522	8.0826	2011.6364	47.4545	0.7348
3999	physical therapy	0.2771	-0.1887	11	24	38	33	973	15.6561	2011.6667	29.4848	0.4744
4002	physical therapy reviews	0.187	-0.0293	12	5	5	16	103	1.2307	2008.25	6.4375	0.0769
4006	physiotherapy	0.2523	-0.0055	12	9	9	15	592	8.2688	2011.4667	39.4667	0.5513
4008	physiotherapy canada	-0.0016	-0.2071	22	3	3	7	24	0.6094	2010.7143	3.4286	0.0871
4012	phytotherapy research	0.1466	-0.103	10	3	3	5	58	4.6295	2018	11.6	0.9259
4017	plastic and reconstructive surgery	0.5874	0.1884	26	10	15	21	588	13.4954	2014.8571	28	0.6426
4021	plos biology	-0.0555	-0.0682	18	12	16	6	683	17.2893	2014.5	113.8333	2.8816
4023	plos currents	0.243	0.2672	14	1	1	6	380	10.6259	2014.1667	63.3333	1.771
4024	plos medicine	0.6251	0.0941	27	323	777	15	18819	190.5791	2012.6667	1254.6	12.7053
4025	plos neglected tropical diseases	-0.9822	-0.0725	32	7	8	20	494	20.0503	2016.05	24.7	1.0025
4026	plos one	-0.1927	-0.0424	14	131	318	202	5661	271.6908	2016.9703	28.0248	1.345
4028	pm&r	0.0745	0.1008	12	11	11	14	293	14.4477	2017.2143	20.9286	1.032
4061	pregnancy hypertension: an international journal of women's cardiovascular health	2.5386	0.0618	30	2	2	5	41	1.5947	2015	8.2	0.3189
4062	prehospital and disaster medicine	-0.4267	0.0543	21	3	3	9	87	5.541	2017.6667	9.6667	0.6157
4068	preventive medicine	-0.3299	-0.1323	7	14	14	14	357	20.2372	2016.4286	25.5	1.4455
4069	preventive medicine reports	-0.5078	0.3075	21	3	3	6	50	3.5935	2018.6667	8.3333	0.5989
4070	preventive veterinary medicine	-0.4257	-0.2299	19	16	20	6	250	3.4983	2011	41.6667	0.5831
4073	primary health care research & development	-0.1386	-0.2306	19	4	4	5	74	1.4358	2015.4	14.8	0.2872
4109	programme grants for applied research	0.0107	-0.0111	3	6	6	6	38	2.1267	2017.6667	6.3333	0.3545
4117	progress in neuro-psychopharmacology & biological psychiatry	-0.1398	0.5088	15	2	4	6	80	4.1809	2018.6667	13.3333	0.6968
4146	psychiatrische praxis	-0.2283	-0.0144	9	4	5	5	30	1.4077	2010.8	6	0.2815
4150	psychiatry research-neuroimaging	0.042	0.6378	5	2	2	6	123	4.7898	2016	20.5	0.7983
4152	psycho-oncology	-0.21	-0.045	13	12	18	21	784	19.7783	2014.1905	37.3333	0.9418
4158	psychological medicine	-0.143	-0.063	9	19	21	14	1510	26.1836	2013.5714	107.8571	1.8703
4183	public health	-0.3121	-0.2379	7	7	7	18	154	10.8944	2017.1667	8.5556	0.6052
4187	public health nutrition	-0.1978	-0.4077	22	4	4	5	127	4.3758	2010.2	25.4	0.8752
4189	public health research	-0.6221	-0.1996	1	9	10	5	221	6.4795	2014.8	44.2	1.2959
4204	quality & safety in health care	-0.7424	-0.0009	4	8	9	7	385	3.9891	2007.1429	55	0.5699
4206	quality of life research	0.3563	-0.1344	28	15	30	5	493	33.0986	2016.6	98.6	6.6197
4220	radiography	2.0801	0.6853	35	3	5	5	16	0.7125	2013.8	3.2	0.1425
4222	radiology	-0.1525	-0.2119	7	11	12	7	415	10.9565	2011.8571	59.2857	1.5652
4224	radiotherapy and oncology	0.132	-0.1248	13	3	4	6	178	6.3194	2013.6667	29.6667	1.0532
4240	regional anesthesia and pain medicine	0.3104	-0.1209	11	8	8	10	362	11.6064	2016.3	36.2	1.1606
4255	renal failure	-0.5468	-0.2867	23	3	3	5	115	3.8903	2015	23	0.7781
4262	reproductive health	-0.3747	0.2542	20	2	2	5	214	6.3097	2015.8	42.8	1.2619
4273	research in autism spectrum disorders	4.35	0.6848	43	2	2	5	20	1.5551	2019.4	4	0.311
4275	research in developmental disabilities	0.1533	-0.4856	1	8	8	5	140	4.3377	2016.4	28	0.8675
4282	research in social & administrative pharmacy	-0.28	0.4302	5	15	18	14	220	18.0238	2018	15.7143	1.2874
4293	research synthesis methods	-0.5297	-0.0818	38	56	164	23	855	28.4439	2015.8261	37.1739	1.2367
4294	"research, society and development"	-0.4425	0.5164	21	1	1	5	0	0	2020	0	0
4299	respiratory medicine	0.7513	-0.5204	8	3	4	6	32	1.5029	2013.5	5.3333	0.2505
4302	resuscitation	0.0173	0.0893	3	3	4	10	307	12.6102	2016.3	30.7	1.261
4306	reumatología clínica	0.1655	-0.2364	19	2	7	8	101	3.1546	2014.125	12.625	0.3943
4309	review of educational research	-0.6357	0.971	29	2	2	6	537	8.1927	1989.6667	89.5	1.3654
4320	reviews on recent clinical trials	-0.39	-0.2439	6	1	1	7	41	1.2928	2017	5.8571	0.1847
4323	revista brasileira de anestesiologia	-0.2328	-0.6278	6	6	6	7	19	0.6202	2016.2857	2.7143	0.0886
4340	revista brasileira de psiquiatria	0.1994	2.7944	34	1	1	5	117	1.815	2009.6	23.4	0.363
4362	revista da escola de enfermagem da usp	-0.1602	0.1883	17	2	3	9	36	0.7463	2013.3333	4	0.0829
4405	revista latino-americana de enfermagem	-0.1352	0.1551	17	9	9	5	182	3.0616	2012	36.4	0.6123
4412	revista panamericana de salud publica-pan american journal of public health	-0.7692	-0.0128	4	3	4	8	12	1.6817	2019	1.5	0.2102
4433	rheumatology	0.3224	-0.1286	9	10	15	18	894	17.3017	2014.5556	49.6667	0.9612
4436	rheumatology international	0.7131	-0.1066	2	3	3	10	155	9.7629	2016.3	15.5	0.9763
4443	rmd open	0.7605	-0.2038	12	3	3	7	61	11.0969	2019.2857	8.7143	1.5853
4466	sao paulo medical journal	-0.0346	-0.2316	6	1	1	6	31	1.1736	2013.8333	5.1667	0.1956
4477	scandinavian journal of caring sciences	-0.6015	-0.1457	23	3	4	5	59	5.6174	2018.2	11.8	1.1235
4482	scandinavian journal of pain	0.4708	-0.1743	17	1	1	7	90	3.0658	2013.4286	12.8571	0.438
4487	"scandinavian journal of trauma, resuscitation and emergency medicine"	-0.0665	-0.2781	11	8	10	5	117	3.2518	2015.4	23.4	0.6504
4489	"scandinavian journal of work, environment & health"	-0.2551	-0.0286	18	7	7	13	894	15.1859	2007.9231	68.7692	1.1681
4490	schizophrenia bulletin	-0.4775	-0.8859	16	1	1	7	941	9.6034	2015	134.4286	1.3719
4491	schizophrenia research	-0.1432	0.0375	9	4	4	11	588	13.2988	2014	53.4545	1.209
4492	schmerz	0.0515	-0.0754	9	5	5	15	119	7.7315	2015.9333	7.9333	0.5154
4499	science of the total environment	-0.7587	0.0612	32	12	13	14	657	47.815	2017.7143	46.9286	3.4154
4503	scientific reports	-1.0714	0.1818	16	4	5	5	34	1.8842	2018.2	6.8	0.3768
4505	scientometrics	-0.5527	0.3398	20	6	9	6	111	6.5326	2017.6667	18.5	1.0888
4509	seizure-european journal of epilepsy	-0.4911	-0.4823	1	6	6	9	114	5.6087	2016.4444	12.6667	0.6232
4511	seminars in arthritis and rheumatism	0.575	-0.2509	11	8	15	17	751	25.994	2016.1176	44.1765	1.5291
4522	seminars in thrombosis and hemostasis	-0.2252	0.1509	13	2	3	5	80	3.5172	2015	16	0.7034
4529	sexual medicine reviews	-0.2055	0.3903	15	5	6	12	132	9.3479	2018.0833	11	0.779
4533	sexually transmitted infections	-0.3919	-0.0368	13	3	3	11	307	7.2765	2013.8182	27.9091	0.6615
4546	sleep	-0.6001	-0.0729	7	1	1	5	465	9.869	2010	93	1.9738
4550	sleep medicine reviews	6.5053	-0.638	36	2	2	6	514	14.391	2015.5	85.6667	2.3985
4560	social psychiatry and psychiatric epidemiology	-0.4911	-0.0341	13	7	7	5	30	9.2533	2019.6	6	1.8507
4561	social science & medicine	-0.747	0.2817	4	31	46	15	1480	36.5922	2013.7333	98.6667	2.4395
4578	software engineering and advanced applications	-2.9217	0.3073	25	6	23	8	20	1.8646	2018.25	2.5	0.2331
4594	spinal cord	-0.57	0.567	15	1	1	8	154	6.6591	2015.75	19.25	0.8324
4595	spine	0.4273	0.0486	2	62	123	45	5514	56.5344	2011.3333	122.5333	1.2563
4601	sports medicine	0.804	0.0188	2	13	19	22	1219	33.2067	2016.0455	55.4091	1.5094
4602	sports medicine - open	0.6241	0.0177	2	6	9	6	39	6.5042	2019.3333	6.5	1.084
4611	statistics in medicine	0.0517	-0.686	24	4	4	5	688	8.2558	2011.8	137.6	1.6512
4616	stroke	0.1281	-0.0462	3	9	10	20	5707	107.3052	2011.65	285.35	5.3653
4628	supply chain management	-0.852	0.3291	18	8	16	11	896	20.4255	2015.4545	81.4545	1.8569
4630	supportive care in cancer	0.1313	0.139	10	5	5	9	151	7.9671	2016.5556	16.7778	0.8852
4631	surgeon-journal of the royal colleges of surgeons of edinburgh and ireland	0.3654	-0.5379	8	2	2	8	85	4.7991	2016.25	10.625	0.5999
4632	surgery	0.3533	-0.5151	8	9	9	15	568	19.8262	2015.6	37.8667	1.3217
4634	surgery for obesity and related diseases	2.038	0.8964	36	3	4	7	214	8.1179	2017.4286	30.5714	1.1597
4640	surgical endoscopy and other interventional techniques	0.3103	-0.3587	8	8	8	12	260	12.9347	2015.9167	21.6667	1.0779
4644	surgical neurology international	0.4308	-0.49	1	2	2	5	28	1.5954	2017	5.6	0.3191
4645	surgical oncology-oxford	-0.0869	-0.0131	12	7	9	6	144	4.1644	2015.8333	24	0.6941
4646	sustainability	-0.6045	0.31	18	9	13	38	239	49.6507	2019.4211	6.2895	1.3066
4660	systematic reviews	-0.3831	0.1661	31	159	547	264	2787	162.0397	2017.625	10.5568	0.6138
4669	techniques in coloproctology	0.3655	-0.4009	8	6	8	17	172	13.8773	2017.1765	10.1176	0.8163
4682	telemedicine journal and e-health	-0.9131	0.257	4	2	2	5	173	8.4126	2017.6	34.6	1.6825
4689	the american journal of clinical nutrition	0.3323	0.0713	14	21	30	27	1499	51.9278	2014.5556	55.5185	1.9233
4691	the american journal of gastroenterology	0.7494	-0.1148	14	1	1	5	390	12.5959	2010.6	78	2.5192
4692	the american journal of medicine	-0.8835	2.0481	41	5	5	7	201	4.1106	2008.1429	28.7143	0.5872
4693	the american journal of pharmaceutical education	0.0992	-0.2136	8	1	1	5	20	0.8853	2011.6	4	0.1771
4703	the british journal of midwifery	-0.2697	0.0481	23	2	2	6	7	0.1167	2007.8333	1.1667	0.0195
4705	the canadian journal of hospital pharmacy	-0.4571	0.1538	23	1	1	7	36	1.0029	2013.2857	5.1429	0.1433
4706	the canadian journal of psychiatry	-0.6022	0.3642	21	9	16	19	602	17.3669	2012.3684	31.6842	0.914
4710	the clinical journal of pain	0.1823	-0.043	9	9	13	17	721	9.4617	2007.4118	42.4118	0.5566
4715	the diabetes educator	-0.1012	0.1709	21	3	3	5	217	3.3296	2011.6	43.4	0.6659
4733	the international journal of neuropsychopharmacology	-0.4735	-0.8775	16	3	3	5	269	7.6399	2014.6	53.8	1.528
4741	the international journal of sports physical therapy	0.8031	-0.0254	2	8	10	7	15	1.6496	2019	2.1429	0.2357
4745	the italian journal of urology and nephrology	0.1638	0.3597	10	4	5	13	54	8.8303	2018.9231	4.1538	0.6793
4758	the journal of clinical endocrinology and metabolism	-0.2731	-0.4341	6	3	4	11	1446	24.799	2011	131.4545	2.2545
4760	the journal of clinical psychiatry	-0.1355	0.0019	9	3	3	13	741	17.254	2013.2308	57	1.3272
4778	the journal of pediatrics	-0.3489	0.3492	15	2	2	10	227	9.0243	2008	22.7	0.9024
4784	the journal of rheumatology	0.6831	-0.2063	12	10	16	25	551	21.876	2014.84	22.04	0.875
4786	the journal of sexual medicine	-0.1006	0.3402	15	8	11	14	270	12.0921	2017.0714	19.2857	0.8637
4800	the journal of urology	0.1933	0.1991	10	22	37	19	867	24.9437	2013.5789	45.6316	1.3128
4803	the lancet	-0.0796	-0.1221	8	15	19	24	1581	68.8673	2015.1667	65.875	2.8695
4806	the lancet global health	-0.2291	-0.359	6	5	6	7	1186	58.5533	2016.2857	169.4286	8.3648
4825	the open orthopaedics journal	0.2065	0.2157	15	8	14	9	285	5.3923	2012.4444	31.6667	0.5991
4831	the physician and sportsmedicine	0.5958	-0.2144	11	5	5	8	105	4.1777	2016	13.125	0.5222
4832	the primary care companion to the journal of clinical psychiatry	-0.188	0.4363	15	1	1	8	99	3.6839	2015.625	12.375	0.4605
4837	the scientific world journal	0.2361	-0.0251	9	3	3	5	62	1.2159	2012.6	12.4	0.2432
4839	the spine journal	0.4098	-0.1266	17	15	28	25	615	26.0641	2015.88	24.6	1.0426
4841	the web conference	-0.6918	0.3418	29	3	3	5	11	2.2078	2018.4	2.2	0.4416
4856	thorax	-0.0374	0.3178	10	3	3	12	743	21.1824	2011.4167	61.9167	1.7652
4857	thrombosis and haemostasis	0.0618	0.055	3	1	1	5	254	6.2845	2013.2	50.8	1.2569
4862	tidsskrift for den norske laegeforening	-1.125	0.1701	16	1	1	8	39	0.6027	2010.25	4.875	0.0753
4882	tradition	6.512	-0.6392	36	1	1	5	116	2.7444	2010.8	23.2	0.5489
4887	transfusion	0.1089	-0.535	10	2	2	5	134	3.7633	2015.8	26.8	0.7527
4889	transfusion medicine reviews	0.194	-0.0292	3	4	4	5	150	3.4088	2012.2	30	0.6818
4891	translational andrology and urology	-0.1506	-0.054	13	3	3	8	52	4.1906	2017.5	6.5	0.5238
4893	translational behavioral medicine	-0.9904	-0.2676	39	6	6	7	85	4.3841	2016	12.1429	0.6263
4904	transplantation proceedings	0.1606	1.0414	34	1	1	5	70	1.0886	2012.2	14	0.2177
4918	"trauma, violence, & abuse"	-0.5151	0.2734	15	7	9	14	388	27.5669	2017.2143	27.7143	1.9691
4919	travel medicine and infectious disease	0.4159	0.1095	14	6	16	6	768	338.3037	2018	128	56.384
4926	trials	0.6169	-0.3167	28	27	44	23	3137	48.8847	2016.7826	136.3913	2.1254
4940	ultrasound in obstetrics & gynecology	2.8513	2.3756	42	1	1	5	74	5.3242	2017.8	14.8	1.0648
4952	updates in surgery	0.3869	-0.3822	8	4	4	7	11	2.1107	2018.5714	1.5714	0.3015
4958	urologic oncology-seminars and original investigations	0.1766	0.3349	10	2	3	5	37	8.3739	2019	7.4	1.6748
4960	urology	0.1185	0.1161	10	5	9	5	31	1.1692	2017	6.2	0.2338
4967	vaccine	0.1513	0.1534	14	7	9	25	499	22.6335	2015.72	19.96	0.9053
4968	value in health	0.1119	-0.1613	14	11	14	42	358	14.2909	2015.5714	8.5238	0.3403
4969	value in health regional issues	-0.4096	0.5653	20	4	6	6	13	0.7292	2017.8333	2.1667	0.1215
5003	western journal of nursing research	-0.4291	0.6678	20	5	8	6	98	3.5501	2014.6667	16.3333	0.5917
5010	women and birth	0.034	0.6189	5	3	5	10	521	10.7661	2015	52.1	1.0766
5013	work-a journal of prevention assessment & rehabilitation	-0.0593	-0.0005	12	2	2	7	95	2.5687	2015	13.5714	0.367
5033	world journal of gastroenterology	1.1448	-0.2254	11	3	3	23	391	16.086	2015.8261	17	0.6994
5039	world journal of orthopedics	0.3939	-0.1326	11	6	7	6	93	3.6127	2016.3333	15.5	0.6021
5044	world journal of surgery	0.3174	-0.3818	8	10	11	11	249	14.6799	2017.0909	22.6364	1.3345
5046	world journal of urology	2.1038	0.5327	35	3	3	10	112	12.8905	2018.7	11.2	1.289
5048	world neurosurgery	0.3871	-0.007	12	12	19	63	552	41.0995	2018.3016	8.7619	0.6524
5053	worldviews on evidence-based nursing	-0.5089	0.0274	16	62	99	22	1989	32.5125	2010.6364	90.4091	1.4778
5061	yearb med inform	-1.2226	0.0808	4	6	6	5	108	3.2869	2013.4	21.6	0.6574
5072	zoonoses and public health	-0.34	-0.5527	6	11	14	6	119	4.3055	2015.8333	19.8333	0.7176
